stack contains duplicate: no
A: HEAD-> 15, 87, 84, 72, 22, 7, 95, 13, 62, 52, 64, 77, 73, 92, 28, 45, 67, 50, 18, 98, 94, 88, 54, 9, 32, 49, 89, 36, 74, 71, 85, 40, 23, 81, 31, 75, 35, 99, 39, 55, 8, 93, 30, 53, 5, 100, 57, 66, 16, 91 <-TAIL 
B: 
A: HEAD-> 87, 84, 72, 22, 7, 95, 13, 62, 52, 64, 77, 73, 92, 28, 45, 67, 50, 18, 98, 94, 88, 54, 9, 32, 49, 89, 36, 74, 71, 85, 40, 23, 81, 31, 75, 35, 99, 39, 55, 8, 93, 30, 53, 5, 100, 57, 66, 16, 91 <-TAIL 
B: HEAD-> 15 <-TAIL 

A: HEAD-> 84, 72, 22, 7, 95, 13, 62, 52, 64, 77, 73, 92, 28, 45, 67, 50, 18, 98, 94, 88, 54, 9, 32, 49, 89, 36, 74, 71, 85, 40, 23, 81, 31, 75, 35, 99, 39, 55, 8, 93, 30, 53, 5, 100, 57, 66, 16, 91, 87 <-TAIL 
B: HEAD-> 15 <-TAIL 

A: HEAD-> 72, 22, 7, 95, 13, 62, 52, 64, 77, 73, 92, 28, 45, 67, 50, 18, 98, 94, 88, 54, 9, 32, 49, 89, 36, 74, 71, 85, 40, 23, 81, 31, 75, 35, 99, 39, 55, 8, 93, 30, 53, 5, 100, 57, 66, 16, 91, 87, 84 <-TAIL 
B: HEAD-> 15 <-TAIL 

A: HEAD-> 22, 7, 95, 13, 62, 52, 64, 77, 73, 92, 28, 45, 67, 50, 18, 98, 94, 88, 54, 9, 32, 49, 89, 36, 74, 71, 85, 40, 23, 81, 31, 75, 35, 99, 39, 55, 8, 93, 30, 53, 5, 100, 57, 66, 16, 91, 87, 84, 72 <-TAIL 
B: HEAD-> 15 <-TAIL 

A: HEAD-> 7, 95, 13, 62, 52, 64, 77, 73, 92, 28, 45, 67, 50, 18, 98, 94, 88, 54, 9, 32, 49, 89, 36, 74, 71, 85, 40, 23, 81, 31, 75, 35, 99, 39, 55, 8, 93, 30, 53, 5, 100, 57, 66, 16, 91, 87, 84, 72 <-TAIL 
B: HEAD-> 22, 15 <-TAIL 

A: HEAD-> 95, 13, 62, 52, 64, 77, 73, 92, 28, 45, 67, 50, 18, 98, 94, 88, 54, 9, 32, 49, 89, 36, 74, 71, 85, 40, 23, 81, 31, 75, 35, 99, 39, 55, 8, 93, 30, 53, 5, 100, 57, 66, 16, 91, 87, 84, 72 <-TAIL 
B: HEAD-> 7, 22, 15 <-TAIL 

A: HEAD-> 13, 62, 52, 64, 77, 73, 92, 28, 45, 67, 50, 18, 98, 94, 88, 54, 9, 32, 49, 89, 36, 74, 71, 85, 40, 23, 81, 31, 75, 35, 99, 39, 55, 8, 93, 30, 53, 5, 100, 57, 66, 16, 91, 87, 84, 72, 95 <-TAIL 
B: HEAD-> 7, 22, 15 <-TAIL 

A: HEAD-> 62, 52, 64, 77, 73, 92, 28, 45, 67, 50, 18, 98, 94, 88, 54, 9, 32, 49, 89, 36, 74, 71, 85, 40, 23, 81, 31, 75, 35, 99, 39, 55, 8, 93, 30, 53, 5, 100, 57, 66, 16, 91, 87, 84, 72, 95 <-TAIL 
B: HEAD-> 13, 7, 22, 15 <-TAIL 

A: HEAD-> 52, 64, 77, 73, 92, 28, 45, 67, 50, 18, 98, 94, 88, 54, 9, 32, 49, 89, 36, 74, 71, 85, 40, 23, 81, 31, 75, 35, 99, 39, 55, 8, 93, 30, 53, 5, 100, 57, 66, 16, 91, 87, 84, 72, 95, 62 <-TAIL 
B: HEAD-> 13, 7, 22, 15 <-TAIL 

A: HEAD-> 64, 77, 73, 92, 28, 45, 67, 50, 18, 98, 94, 88, 54, 9, 32, 49, 89, 36, 74, 71, 85, 40, 23, 81, 31, 75, 35, 99, 39, 55, 8, 93, 30, 53, 5, 100, 57, 66, 16, 91, 87, 84, 72, 95, 62 <-TAIL 
B: HEAD-> 52, 13, 7, 22, 15 <-TAIL 

A: HEAD-> 77, 73, 92, 28, 45, 67, 50, 18, 98, 94, 88, 54, 9, 32, 49, 89, 36, 74, 71, 85, 40, 23, 81, 31, 75, 35, 99, 39, 55, 8, 93, 30, 53, 5, 100, 57, 66, 16, 91, 87, 84, 72, 95, 62, 64 <-TAIL 
B: HEAD-> 52, 13, 7, 22, 15 <-TAIL 

A: HEAD-> 73, 92, 28, 45, 67, 50, 18, 98, 94, 88, 54, 9, 32, 49, 89, 36, 74, 71, 85, 40, 23, 81, 31, 75, 35, 99, 39, 55, 8, 93, 30, 53, 5, 100, 57, 66, 16, 91, 87, 84, 72, 95, 62, 64, 77 <-TAIL 
B: HEAD-> 52, 13, 7, 22, 15 <-TAIL 

A: HEAD-> 92, 28, 45, 67, 50, 18, 98, 94, 88, 54, 9, 32, 49, 89, 36, 74, 71, 85, 40, 23, 81, 31, 75, 35, 99, 39, 55, 8, 93, 30, 53, 5, 100, 57, 66, 16, 91, 87, 84, 72, 95, 62, 64, 77, 73 <-TAIL 
B: HEAD-> 52, 13, 7, 22, 15 <-TAIL 

A: HEAD-> 28, 45, 67, 50, 18, 98, 94, 88, 54, 9, 32, 49, 89, 36, 74, 71, 85, 40, 23, 81, 31, 75, 35, 99, 39, 55, 8, 93, 30, 53, 5, 100, 57, 66, 16, 91, 87, 84, 72, 95, 62, 64, 77, 73, 92 <-TAIL 
B: HEAD-> 52, 13, 7, 22, 15 <-TAIL 

A: HEAD-> 45, 67, 50, 18, 98, 94, 88, 54, 9, 32, 49, 89, 36, 74, 71, 85, 40, 23, 81, 31, 75, 35, 99, 39, 55, 8, 93, 30, 53, 5, 100, 57, 66, 16, 91, 87, 84, 72, 95, 62, 64, 77, 73, 92 <-TAIL 
B: HEAD-> 28, 52, 13, 7, 22, 15 <-TAIL 

A: HEAD-> 67, 50, 18, 98, 94, 88, 54, 9, 32, 49, 89, 36, 74, 71, 85, 40, 23, 81, 31, 75, 35, 99, 39, 55, 8, 93, 30, 53, 5, 100, 57, 66, 16, 91, 87, 84, 72, 95, 62, 64, 77, 73, 92 <-TAIL 
B: HEAD-> 45, 28, 52, 13, 7, 22, 15 <-TAIL 

A: HEAD-> 50, 18, 98, 94, 88, 54, 9, 32, 49, 89, 36, 74, 71, 85, 40, 23, 81, 31, 75, 35, 99, 39, 55, 8, 93, 30, 53, 5, 100, 57, 66, 16, 91, 87, 84, 72, 95, 62, 64, 77, 73, 92, 67 <-TAIL 
B: HEAD-> 45, 28, 52, 13, 7, 22, 15 <-TAIL 

A: HEAD-> 18, 98, 94, 88, 54, 9, 32, 49, 89, 36, 74, 71, 85, 40, 23, 81, 31, 75, 35, 99, 39, 55, 8, 93, 30, 53, 5, 100, 57, 66, 16, 91, 87, 84, 72, 95, 62, 64, 77, 73, 92, 67 <-TAIL 
B: HEAD-> 50, 45, 28, 52, 13, 7, 22, 15 <-TAIL 

A: HEAD-> 98, 94, 88, 54, 9, 32, 49, 89, 36, 74, 71, 85, 40, 23, 81, 31, 75, 35, 99, 39, 55, 8, 93, 30, 53, 5, 100, 57, 66, 16, 91, 87, 84, 72, 95, 62, 64, 77, 73, 92, 67 <-TAIL 
B: HEAD-> 18, 50, 45, 28, 52, 13, 7, 22, 15 <-TAIL 

A: HEAD-> 94, 88, 54, 9, 32, 49, 89, 36, 74, 71, 85, 40, 23, 81, 31, 75, 35, 99, 39, 55, 8, 93, 30, 53, 5, 100, 57, 66, 16, 91, 87, 84, 72, 95, 62, 64, 77, 73, 92, 67, 98 <-TAIL 
B: HEAD-> 18, 50, 45, 28, 52, 13, 7, 22, 15 <-TAIL 

A: HEAD-> 88, 54, 9, 32, 49, 89, 36, 74, 71, 85, 40, 23, 81, 31, 75, 35, 99, 39, 55, 8, 93, 30, 53, 5, 100, 57, 66, 16, 91, 87, 84, 72, 95, 62, 64, 77, 73, 92, 67, 98, 94 <-TAIL 
B: HEAD-> 18, 50, 45, 28, 52, 13, 7, 22, 15 <-TAIL 

A: HEAD-> 54, 9, 32, 49, 89, 36, 74, 71, 85, 40, 23, 81, 31, 75, 35, 99, 39, 55, 8, 93, 30, 53, 5, 100, 57, 66, 16, 91, 87, 84, 72, 95, 62, 64, 77, 73, 92, 67, 98, 94, 88 <-TAIL 
B: HEAD-> 18, 50, 45, 28, 52, 13, 7, 22, 15 <-TAIL 

A: HEAD-> 9, 32, 49, 89, 36, 74, 71, 85, 40, 23, 81, 31, 75, 35, 99, 39, 55, 8, 93, 30, 53, 5, 100, 57, 66, 16, 91, 87, 84, 72, 95, 62, 64, 77, 73, 92, 67, 98, 94, 88 <-TAIL 
B: HEAD-> 54, 18, 50, 45, 28, 52, 13, 7, 22, 15 <-TAIL 

A: HEAD-> 32, 49, 89, 36, 74, 71, 85, 40, 23, 81, 31, 75, 35, 99, 39, 55, 8, 93, 30, 53, 5, 100, 57, 66, 16, 91, 87, 84, 72, 95, 62, 64, 77, 73, 92, 67, 98, 94, 88 <-TAIL 
B: HEAD-> 9, 54, 18, 50, 45, 28, 52, 13, 7, 22, 15 <-TAIL 

A: HEAD-> 49, 89, 36, 74, 71, 85, 40, 23, 81, 31, 75, 35, 99, 39, 55, 8, 93, 30, 53, 5, 100, 57, 66, 16, 91, 87, 84, 72, 95, 62, 64, 77, 73, 92, 67, 98, 94, 88 <-TAIL 
B: HEAD-> 32, 9, 54, 18, 50, 45, 28, 52, 13, 7, 22, 15 <-TAIL 

A: HEAD-> 89, 36, 74, 71, 85, 40, 23, 81, 31, 75, 35, 99, 39, 55, 8, 93, 30, 53, 5, 100, 57, 66, 16, 91, 87, 84, 72, 95, 62, 64, 77, 73, 92, 67, 98, 94, 88 <-TAIL 
B: HEAD-> 49, 32, 9, 54, 18, 50, 45, 28, 52, 13, 7, 22, 15 <-TAIL 

A: HEAD-> 36, 74, 71, 85, 40, 23, 81, 31, 75, 35, 99, 39, 55, 8, 93, 30, 53, 5, 100, 57, 66, 16, 91, 87, 84, 72, 95, 62, 64, 77, 73, 92, 67, 98, 94, 88, 89 <-TAIL 
B: HEAD-> 49, 32, 9, 54, 18, 50, 45, 28, 52, 13, 7, 22, 15 <-TAIL 

A: HEAD-> 74, 71, 85, 40, 23, 81, 31, 75, 35, 99, 39, 55, 8, 93, 30, 53, 5, 100, 57, 66, 16, 91, 87, 84, 72, 95, 62, 64, 77, 73, 92, 67, 98, 94, 88, 89 <-TAIL 
B: HEAD-> 36, 49, 32, 9, 54, 18, 50, 45, 28, 52, 13, 7, 22, 15 <-TAIL 

A: HEAD-> 71, 85, 40, 23, 81, 31, 75, 35, 99, 39, 55, 8, 93, 30, 53, 5, 100, 57, 66, 16, 91, 87, 84, 72, 95, 62, 64, 77, 73, 92, 67, 98, 94, 88, 89, 74 <-TAIL 
B: HEAD-> 36, 49, 32, 9, 54, 18, 50, 45, 28, 52, 13, 7, 22, 15 <-TAIL 

A: HEAD-> 85, 40, 23, 81, 31, 75, 35, 99, 39, 55, 8, 93, 30, 53, 5, 100, 57, 66, 16, 91, 87, 84, 72, 95, 62, 64, 77, 73, 92, 67, 98, 94, 88, 89, 74, 71 <-TAIL 
B: HEAD-> 36, 49, 32, 9, 54, 18, 50, 45, 28, 52, 13, 7, 22, 15 <-TAIL 

A: HEAD-> 40, 23, 81, 31, 75, 35, 99, 39, 55, 8, 93, 30, 53, 5, 100, 57, 66, 16, 91, 87, 84, 72, 95, 62, 64, 77, 73, 92, 67, 98, 94, 88, 89, 74, 71, 85 <-TAIL 
B: HEAD-> 36, 49, 32, 9, 54, 18, 50, 45, 28, 52, 13, 7, 22, 15 <-TAIL 

A: HEAD-> 23, 81, 31, 75, 35, 99, 39, 55, 8, 93, 30, 53, 5, 100, 57, 66, 16, 91, 87, 84, 72, 95, 62, 64, 77, 73, 92, 67, 98, 94, 88, 89, 74, 71, 85 <-TAIL 
B: HEAD-> 40, 36, 49, 32, 9, 54, 18, 50, 45, 28, 52, 13, 7, 22, 15 <-TAIL 

A: HEAD-> 81, 31, 75, 35, 99, 39, 55, 8, 93, 30, 53, 5, 100, 57, 66, 16, 91, 87, 84, 72, 95, 62, 64, 77, 73, 92, 67, 98, 94, 88, 89, 74, 71, 85 <-TAIL 
B: HEAD-> 23, 40, 36, 49, 32, 9, 54, 18, 50, 45, 28, 52, 13, 7, 22, 15 <-TAIL 

A: HEAD-> 31, 75, 35, 99, 39, 55, 8, 93, 30, 53, 5, 100, 57, 66, 16, 91, 87, 84, 72, 95, 62, 64, 77, 73, 92, 67, 98, 94, 88, 89, 74, 71, 85, 81 <-TAIL 
B: HEAD-> 23, 40, 36, 49, 32, 9, 54, 18, 50, 45, 28, 52, 13, 7, 22, 15 <-TAIL 

A: HEAD-> 75, 35, 99, 39, 55, 8, 93, 30, 53, 5, 100, 57, 66, 16, 91, 87, 84, 72, 95, 62, 64, 77, 73, 92, 67, 98, 94, 88, 89, 74, 71, 85, 81 <-TAIL 
B: HEAD-> 31, 23, 40, 36, 49, 32, 9, 54, 18, 50, 45, 28, 52, 13, 7, 22, 15 <-TAIL 

A: HEAD-> 35, 99, 39, 55, 8, 93, 30, 53, 5, 100, 57, 66, 16, 91, 87, 84, 72, 95, 62, 64, 77, 73, 92, 67, 98, 94, 88, 89, 74, 71, 85, 81, 75 <-TAIL 
B: HEAD-> 31, 23, 40, 36, 49, 32, 9, 54, 18, 50, 45, 28, 52, 13, 7, 22, 15 <-TAIL 

A: HEAD-> 99, 39, 55, 8, 93, 30, 53, 5, 100, 57, 66, 16, 91, 87, 84, 72, 95, 62, 64, 77, 73, 92, 67, 98, 94, 88, 89, 74, 71, 85, 81, 75 <-TAIL 
B: HEAD-> 35, 31, 23, 40, 36, 49, 32, 9, 54, 18, 50, 45, 28, 52, 13, 7, 22, 15 <-TAIL 

A: HEAD-> 39, 55, 8, 93, 30, 53, 5, 100, 57, 66, 16, 91, 87, 84, 72, 95, 62, 64, 77, 73, 92, 67, 98, 94, 88, 89, 74, 71, 85, 81, 75, 99 <-TAIL 
B: HEAD-> 35, 31, 23, 40, 36, 49, 32, 9, 54, 18, 50, 45, 28, 52, 13, 7, 22, 15 <-TAIL 

A: HEAD-> 55, 8, 93, 30, 53, 5, 100, 57, 66, 16, 91, 87, 84, 72, 95, 62, 64, 77, 73, 92, 67, 98, 94, 88, 89, 74, 71, 85, 81, 75, 99 <-TAIL 
B: HEAD-> 39, 35, 31, 23, 40, 36, 49, 32, 9, 54, 18, 50, 45, 28, 52, 13, 7, 22, 15 <-TAIL 

A: HEAD-> 8, 93, 30, 53, 5, 100, 57, 66, 16, 91, 87, 84, 72, 95, 62, 64, 77, 73, 92, 67, 98, 94, 88, 89, 74, 71, 85, 81, 75, 99 <-TAIL 
B: HEAD-> 55, 39, 35, 31, 23, 40, 36, 49, 32, 9, 54, 18, 50, 45, 28, 52, 13, 7, 22, 15 <-TAIL 

A: HEAD-> 93, 30, 53, 5, 100, 57, 66, 16, 91, 87, 84, 72, 95, 62, 64, 77, 73, 92, 67, 98, 94, 88, 89, 74, 71, 85, 81, 75, 99 <-TAIL 
B: HEAD-> 8, 55, 39, 35, 31, 23, 40, 36, 49, 32, 9, 54, 18, 50, 45, 28, 52, 13, 7, 22, 15 <-TAIL 

A: HEAD-> 30, 53, 5, 100, 57, 66, 16, 91, 87, 84, 72, 95, 62, 64, 77, 73, 92, 67, 98, 94, 88, 89, 74, 71, 85, 81, 75, 99, 93 <-TAIL 
B: HEAD-> 8, 55, 39, 35, 31, 23, 40, 36, 49, 32, 9, 54, 18, 50, 45, 28, 52, 13, 7, 22, 15 <-TAIL 

A: HEAD-> 53, 5, 100, 57, 66, 16, 91, 87, 84, 72, 95, 62, 64, 77, 73, 92, 67, 98, 94, 88, 89, 74, 71, 85, 81, 75, 99, 93 <-TAIL 
B: HEAD-> 30, 8, 55, 39, 35, 31, 23, 40, 36, 49, 32, 9, 54, 18, 50, 45, 28, 52, 13, 7, 22, 15 <-TAIL 

A: HEAD-> 5, 100, 57, 66, 16, 91, 87, 84, 72, 95, 62, 64, 77, 73, 92, 67, 98, 94, 88, 89, 74, 71, 85, 81, 75, 99, 93 <-TAIL 
B: HEAD-> 53, 30, 8, 55, 39, 35, 31, 23, 40, 36, 49, 32, 9, 54, 18, 50, 45, 28, 52, 13, 7, 22, 15 <-TAIL 

A: HEAD-> 100, 57, 66, 16, 91, 87, 84, 72, 95, 62, 64, 77, 73, 92, 67, 98, 94, 88, 89, 74, 71, 85, 81, 75, 99, 93 <-TAIL 
B: HEAD-> 5, 53, 30, 8, 55, 39, 35, 31, 23, 40, 36, 49, 32, 9, 54, 18, 50, 45, 28, 52, 13, 7, 22, 15 <-TAIL 

A: HEAD-> 57, 66, 16, 91, 87, 84, 72, 95, 62, 64, 77, 73, 92, 67, 98, 94, 88, 89, 74, 71, 85, 81, 75, 99, 93, 100 <-TAIL 
B: HEAD-> 5, 53, 30, 8, 55, 39, 35, 31, 23, 40, 36, 49, 32, 9, 54, 18, 50, 45, 28, 52, 13, 7, 22, 15 <-TAIL 

A: HEAD-> 66, 16, 91, 87, 84, 72, 95, 62, 64, 77, 73, 92, 67, 98, 94, 88, 89, 74, 71, 85, 81, 75, 99, 93, 100, 57 <-TAIL 
B: HEAD-> 5, 53, 30, 8, 55, 39, 35, 31, 23, 40, 36, 49, 32, 9, 54, 18, 50, 45, 28, 52, 13, 7, 22, 15 <-TAIL 

A: HEAD-> 16, 91, 87, 84, 72, 95, 62, 64, 77, 73, 92, 67, 98, 94, 88, 89, 74, 71, 85, 81, 75, 99, 93, 100, 57, 66 <-TAIL 
B: HEAD-> 5, 53, 30, 8, 55, 39, 35, 31, 23, 40, 36, 49, 32, 9, 54, 18, 50, 45, 28, 52, 13, 7, 22, 15 <-TAIL 

A: HEAD-> 91, 87, 84, 72, 95, 62, 64, 77, 73, 92, 67, 98, 94, 88, 89, 74, 71, 85, 81, 75, 99, 93, 100, 57, 66 <-TAIL 
B: HEAD-> 16, 5, 53, 30, 8, 55, 39, 35, 31, 23, 40, 36, 49, 32, 9, 54, 18, 50, 45, 28, 52, 13, 7, 22, 15 <-TAIL 

A: HEAD-> 87, 84, 72, 95, 62, 64, 77, 73, 92, 67, 98, 94, 88, 89, 74, 71, 85, 81, 75, 99, 93, 100, 57, 66, 91 <-TAIL 
B: HEAD-> 16, 5, 53, 30, 8, 55, 39, 35, 31, 23, 40, 36, 49, 32, 9, 54, 18, 50, 45, 28, 52, 13, 7, 22, 15 <-TAIL 

A: HEAD-> 16, 87, 84, 72, 95, 62, 64, 77, 73, 92, 67, 98, 94, 88, 89, 74, 71, 85, 81, 75, 99, 93, 100, 57, 66, 91 <-TAIL 
B: HEAD-> 5, 53, 30, 8, 55, 39, 35, 31, 23, 40, 36, 49, 32, 9, 54, 18, 50, 45, 28, 52, 13, 7, 22, 15 <-TAIL 

A: HEAD-> 5, 16, 87, 84, 72, 95, 62, 64, 77, 73, 92, 67, 98, 94, 88, 89, 74, 71, 85, 81, 75, 99, 93, 100, 57, 66, 91 <-TAIL 
B: HEAD-> 53, 30, 8, 55, 39, 35, 31, 23, 40, 36, 49, 32, 9, 54, 18, 50, 45, 28, 52, 13, 7, 22, 15 <-TAIL 

A: HEAD-> 5, 16, 87, 84, 72, 95, 62, 64, 77, 73, 92, 67, 98, 94, 88, 89, 74, 71, 85, 81, 75, 99, 93, 100, 57, 66, 91 <-TAIL 
B: HEAD-> 30, 8, 55, 39, 35, 31, 23, 40, 36, 49, 32, 9, 54, 18, 50, 45, 28, 52, 13, 7, 22, 15, 53 <-TAIL 

A: HEAD-> 30, 5, 16, 87, 84, 72, 95, 62, 64, 77, 73, 92, 67, 98, 94, 88, 89, 74, 71, 85, 81, 75, 99, 93, 100, 57, 66, 91 <-TAIL 
B: HEAD-> 8, 55, 39, 35, 31, 23, 40, 36, 49, 32, 9, 54, 18, 50, 45, 28, 52, 13, 7, 22, 15, 53 <-TAIL 

A: HEAD-> 8, 30, 5, 16, 87, 84, 72, 95, 62, 64, 77, 73, 92, 67, 98, 94, 88, 89, 74, 71, 85, 81, 75, 99, 93, 100, 57, 66, 91 <-TAIL 
B: HEAD-> 55, 39, 35, 31, 23, 40, 36, 49, 32, 9, 54, 18, 50, 45, 28, 52, 13, 7, 22, 15, 53 <-TAIL 

A: HEAD-> 8, 30, 5, 16, 87, 84, 72, 95, 62, 64, 77, 73, 92, 67, 98, 94, 88, 89, 74, 71, 85, 81, 75, 99, 93, 100, 57, 66, 91 <-TAIL 
B: HEAD-> 39, 35, 31, 23, 40, 36, 49, 32, 9, 54, 18, 50, 45, 28, 52, 13, 7, 22, 15, 53, 55 <-TAIL 

A: HEAD-> 8, 30, 5, 16, 87, 84, 72, 95, 62, 64, 77, 73, 92, 67, 98, 94, 88, 89, 74, 71, 85, 81, 75, 99, 93, 100, 57, 66, 91 <-TAIL 
B: HEAD-> 35, 31, 23, 40, 36, 49, 32, 9, 54, 18, 50, 45, 28, 52, 13, 7, 22, 15, 53, 55, 39 <-TAIL 

A: HEAD-> 8, 30, 5, 16, 87, 84, 72, 95, 62, 64, 77, 73, 92, 67, 98, 94, 88, 89, 74, 71, 85, 81, 75, 99, 93, 100, 57, 66, 91 <-TAIL 
B: HEAD-> 31, 23, 40, 36, 49, 32, 9, 54, 18, 50, 45, 28, 52, 13, 7, 22, 15, 53, 55, 39, 35 <-TAIL 

A: HEAD-> 8, 30, 5, 16, 87, 84, 72, 95, 62, 64, 77, 73, 92, 67, 98, 94, 88, 89, 74, 71, 85, 81, 75, 99, 93, 100, 57, 66, 91 <-TAIL 
B: HEAD-> 23, 40, 36, 49, 32, 9, 54, 18, 50, 45, 28, 52, 13, 7, 22, 15, 53, 55, 39, 35, 31 <-TAIL 

A: HEAD-> 23, 8, 30, 5, 16, 87, 84, 72, 95, 62, 64, 77, 73, 92, 67, 98, 94, 88, 89, 74, 71, 85, 81, 75, 99, 93, 100, 57, 66, 91 <-TAIL 
B: HEAD-> 40, 36, 49, 32, 9, 54, 18, 50, 45, 28, 52, 13, 7, 22, 15, 53, 55, 39, 35, 31 <-TAIL 

A: HEAD-> 23, 8, 30, 5, 16, 87, 84, 72, 95, 62, 64, 77, 73, 92, 67, 98, 94, 88, 89, 74, 71, 85, 81, 75, 99, 93, 100, 57, 66, 91 <-TAIL 
B: HEAD-> 36, 49, 32, 9, 54, 18, 50, 45, 28, 52, 13, 7, 22, 15, 53, 55, 39, 35, 31, 40 <-TAIL 

A: HEAD-> 23, 8, 30, 5, 16, 87, 84, 72, 95, 62, 64, 77, 73, 92, 67, 98, 94, 88, 89, 74, 71, 85, 81, 75, 99, 93, 100, 57, 66, 91 <-TAIL 
B: HEAD-> 49, 32, 9, 54, 18, 50, 45, 28, 52, 13, 7, 22, 15, 53, 55, 39, 35, 31, 40, 36 <-TAIL 

A: HEAD-> 23, 8, 30, 5, 16, 87, 84, 72, 95, 62, 64, 77, 73, 92, 67, 98, 94, 88, 89, 74, 71, 85, 81, 75, 99, 93, 100, 57, 66, 91 <-TAIL 
B: HEAD-> 32, 9, 54, 18, 50, 45, 28, 52, 13, 7, 22, 15, 53, 55, 39, 35, 31, 40, 36, 49 <-TAIL 

A: HEAD-> 23, 8, 30, 5, 16, 87, 84, 72, 95, 62, 64, 77, 73, 92, 67, 98, 94, 88, 89, 74, 71, 85, 81, 75, 99, 93, 100, 57, 66, 91 <-TAIL 
B: HEAD-> 9, 54, 18, 50, 45, 28, 52, 13, 7, 22, 15, 53, 55, 39, 35, 31, 40, 36, 49, 32 <-TAIL 

A: HEAD-> 9, 23, 8, 30, 5, 16, 87, 84, 72, 95, 62, 64, 77, 73, 92, 67, 98, 94, 88, 89, 74, 71, 85, 81, 75, 99, 93, 100, 57, 66, 91 <-TAIL 
B: HEAD-> 54, 18, 50, 45, 28, 52, 13, 7, 22, 15, 53, 55, 39, 35, 31, 40, 36, 49, 32 <-TAIL 

A: HEAD-> 9, 23, 8, 30, 5, 16, 87, 84, 72, 95, 62, 64, 77, 73, 92, 67, 98, 94, 88, 89, 74, 71, 85, 81, 75, 99, 93, 100, 57, 66, 91 <-TAIL 
B: HEAD-> 18, 50, 45, 28, 52, 13, 7, 22, 15, 53, 55, 39, 35, 31, 40, 36, 49, 32, 54 <-TAIL 

A: HEAD-> 18, 9, 23, 8, 30, 5, 16, 87, 84, 72, 95, 62, 64, 77, 73, 92, 67, 98, 94, 88, 89, 74, 71, 85, 81, 75, 99, 93, 100, 57, 66, 91 <-TAIL 
B: HEAD-> 50, 45, 28, 52, 13, 7, 22, 15, 53, 55, 39, 35, 31, 40, 36, 49, 32, 54 <-TAIL 

A: HEAD-> 18, 9, 23, 8, 30, 5, 16, 87, 84, 72, 95, 62, 64, 77, 73, 92, 67, 98, 94, 88, 89, 74, 71, 85, 81, 75, 99, 93, 100, 57, 66, 91 <-TAIL 
B: HEAD-> 45, 28, 52, 13, 7, 22, 15, 53, 55, 39, 35, 31, 40, 36, 49, 32, 54, 50 <-TAIL 

A: HEAD-> 18, 9, 23, 8, 30, 5, 16, 87, 84, 72, 95, 62, 64, 77, 73, 92, 67, 98, 94, 88, 89, 74, 71, 85, 81, 75, 99, 93, 100, 57, 66, 91 <-TAIL 
B: HEAD-> 28, 52, 13, 7, 22, 15, 53, 55, 39, 35, 31, 40, 36, 49, 32, 54, 50, 45 <-TAIL 

A: HEAD-> 28, 18, 9, 23, 8, 30, 5, 16, 87, 84, 72, 95, 62, 64, 77, 73, 92, 67, 98, 94, 88, 89, 74, 71, 85, 81, 75, 99, 93, 100, 57, 66, 91 <-TAIL 
B: HEAD-> 52, 13, 7, 22, 15, 53, 55, 39, 35, 31, 40, 36, 49, 32, 54, 50, 45 <-TAIL 

A: HEAD-> 28, 18, 9, 23, 8, 30, 5, 16, 87, 84, 72, 95, 62, 64, 77, 73, 92, 67, 98, 94, 88, 89, 74, 71, 85, 81, 75, 99, 93, 100, 57, 66, 91 <-TAIL 
B: HEAD-> 13, 7, 22, 15, 53, 55, 39, 35, 31, 40, 36, 49, 32, 54, 50, 45, 52 <-TAIL 

A: HEAD-> 13, 28, 18, 9, 23, 8, 30, 5, 16, 87, 84, 72, 95, 62, 64, 77, 73, 92, 67, 98, 94, 88, 89, 74, 71, 85, 81, 75, 99, 93, 100, 57, 66, 91 <-TAIL 
B: HEAD-> 7, 22, 15, 53, 55, 39, 35, 31, 40, 36, 49, 32, 54, 50, 45, 52 <-TAIL 

A: HEAD-> 7, 13, 28, 18, 9, 23, 8, 30, 5, 16, 87, 84, 72, 95, 62, 64, 77, 73, 92, 67, 98, 94, 88, 89, 74, 71, 85, 81, 75, 99, 93, 100, 57, 66, 91 <-TAIL 
B: HEAD-> 22, 15, 53, 55, 39, 35, 31, 40, 36, 49, 32, 54, 50, 45, 52 <-TAIL 

A: HEAD-> 22, 7, 13, 28, 18, 9, 23, 8, 30, 5, 16, 87, 84, 72, 95, 62, 64, 77, 73, 92, 67, 98, 94, 88, 89, 74, 71, 85, 81, 75, 99, 93, 100, 57, 66, 91 <-TAIL 
B: HEAD-> 15, 53, 55, 39, 35, 31, 40, 36, 49, 32, 54, 50, 45, 52 <-TAIL 

A: HEAD-> 15, 22, 7, 13, 28, 18, 9, 23, 8, 30, 5, 16, 87, 84, 72, 95, 62, 64, 77, 73, 92, 67, 98, 94, 88, 89, 74, 71, 85, 81, 75, 99, 93, 100, 57, 66, 91 <-TAIL 
B: HEAD-> 53, 55, 39, 35, 31, 40, 36, 49, 32, 54, 50, 45, 52 <-TAIL 

A: HEAD-> 15, 22, 7, 13, 28, 18, 9, 23, 8, 30, 5, 16, 87, 84, 72, 95, 62, 64, 77, 73, 92, 67, 98, 94, 88, 89, 74, 71, 85, 81, 75, 99, 93, 100, 57, 66, 91 <-TAIL 
B: HEAD-> 53, 55, 39, 35, 31, 40, 36, 49, 32, 54, 50, 45, 52 <-TAIL 

A: HEAD-> 22, 7, 13, 28, 18, 9, 23, 8, 30, 5, 16, 87, 84, 72, 95, 62, 64, 77, 73, 92, 67, 98, 94, 88, 89, 74, 71, 85, 81, 75, 99, 93, 100, 57, 66, 91 <-TAIL 
B: HEAD-> 15, 53, 55, 39, 35, 31, 40, 36, 49, 32, 54, 50, 45, 52 <-TAIL 

A: HEAD-> 7, 13, 28, 18, 9, 23, 8, 30, 5, 16, 87, 84, 72, 95, 62, 64, 77, 73, 92, 67, 98, 94, 88, 89, 74, 71, 85, 81, 75, 99, 93, 100, 57, 66, 91, 22 <-TAIL 
B: HEAD-> 15, 53, 55, 39, 35, 31, 40, 36, 49, 32, 54, 50, 45, 52 <-TAIL 

A: HEAD-> 13, 28, 18, 9, 23, 8, 30, 5, 16, 87, 84, 72, 95, 62, 64, 77, 73, 92, 67, 98, 94, 88, 89, 74, 71, 85, 81, 75, 99, 93, 100, 57, 66, 91, 22 <-TAIL 
B: HEAD-> 7, 15, 53, 55, 39, 35, 31, 40, 36, 49, 32, 54, 50, 45, 52 <-TAIL 

A: HEAD-> 28, 18, 9, 23, 8, 30, 5, 16, 87, 84, 72, 95, 62, 64, 77, 73, 92, 67, 98, 94, 88, 89, 74, 71, 85, 81, 75, 99, 93, 100, 57, 66, 91, 22 <-TAIL 
B: HEAD-> 13, 7, 15, 53, 55, 39, 35, 31, 40, 36, 49, 32, 54, 50, 45, 52 <-TAIL 

A: HEAD-> 18, 9, 23, 8, 30, 5, 16, 87, 84, 72, 95, 62, 64, 77, 73, 92, 67, 98, 94, 88, 89, 74, 71, 85, 81, 75, 99, 93, 100, 57, 66, 91, 22, 28 <-TAIL 
B: HEAD-> 13, 7, 15, 53, 55, 39, 35, 31, 40, 36, 49, 32, 54, 50, 45, 52 <-TAIL 

A: HEAD-> 9, 23, 8, 30, 5, 16, 87, 84, 72, 95, 62, 64, 77, 73, 92, 67, 98, 94, 88, 89, 74, 71, 85, 81, 75, 99, 93, 100, 57, 66, 91, 22, 28, 18 <-TAIL 
B: HEAD-> 13, 7, 15, 53, 55, 39, 35, 31, 40, 36, 49, 32, 54, 50, 45, 52 <-TAIL 

A: HEAD-> 23, 8, 30, 5, 16, 87, 84, 72, 95, 62, 64, 77, 73, 92, 67, 98, 94, 88, 89, 74, 71, 85, 81, 75, 99, 93, 100, 57, 66, 91, 22, 28, 18 <-TAIL 
B: HEAD-> 9, 13, 7, 15, 53, 55, 39, 35, 31, 40, 36, 49, 32, 54, 50, 45, 52 <-TAIL 

A: HEAD-> 8, 30, 5, 16, 87, 84, 72, 95, 62, 64, 77, 73, 92, 67, 98, 94, 88, 89, 74, 71, 85, 81, 75, 99, 93, 100, 57, 66, 91, 22, 28, 18, 23 <-TAIL 
B: HEAD-> 9, 13, 7, 15, 53, 55, 39, 35, 31, 40, 36, 49, 32, 54, 50, 45, 52 <-TAIL 

A: HEAD-> 30, 5, 16, 87, 84, 72, 95, 62, 64, 77, 73, 92, 67, 98, 94, 88, 89, 74, 71, 85, 81, 75, 99, 93, 100, 57, 66, 91, 22, 28, 18, 23 <-TAIL 
B: HEAD-> 8, 9, 13, 7, 15, 53, 55, 39, 35, 31, 40, 36, 49, 32, 54, 50, 45, 52 <-TAIL 

A: HEAD-> 5, 16, 87, 84, 72, 95, 62, 64, 77, 73, 92, 67, 98, 94, 88, 89, 74, 71, 85, 81, 75, 99, 93, 100, 57, 66, 91, 22, 28, 18, 23, 30 <-TAIL 
B: HEAD-> 8, 9, 13, 7, 15, 53, 55, 39, 35, 31, 40, 36, 49, 32, 54, 50, 45, 52 <-TAIL 

A: HEAD-> 16, 87, 84, 72, 95, 62, 64, 77, 73, 92, 67, 98, 94, 88, 89, 74, 71, 85, 81, 75, 99, 93, 100, 57, 66, 91, 22, 28, 18, 23, 30 <-TAIL 
B: HEAD-> 5, 8, 9, 13, 7, 15, 53, 55, 39, 35, 31, 40, 36, 49, 32, 54, 50, 45, 52 <-TAIL 

A: HEAD-> 22, 28, 18, 23, 30, 16, 87, 84, 72, 95, 62, 64, 77, 73, 92, 67, 98, 94, 88, 89, 74, 71, 85, 81, 75, 99, 93, 100, 57, 66, 91 <-TAIL 
B: HEAD-> 5, 8, 9, 13, 7, 15, 53, 55, 39, 35, 31, 40, 36, 49, 32, 54, 50, 45, 52 <-TAIL 

A: HEAD-> 5, 22, 28, 18, 23, 30, 16, 87, 84, 72, 95, 62, 64, 77, 73, 92, 67, 98, 94, 88, 89, 74, 71, 85, 81, 75, 99, 93, 100, 57, 66, 91 <-TAIL 
B: HEAD-> 8, 9, 13, 7, 15, 53, 55, 39, 35, 31, 40, 36, 49, 32, 54, 50, 45, 52 <-TAIL 

A: HEAD-> 8, 5, 22, 28, 18, 23, 30, 16, 87, 84, 72, 95, 62, 64, 77, 73, 92, 67, 98, 94, 88, 89, 74, 71, 85, 81, 75, 99, 93, 100, 57, 66, 91 <-TAIL 
B: HEAD-> 9, 13, 7, 15, 53, 55, 39, 35, 31, 40, 36, 49, 32, 54, 50, 45, 52 <-TAIL 

A: HEAD-> 5, 8, 9, 22, 28, 18, 23, 30, 16, 87, 84, 72, 95, 62, 64, 77, 73, 92, 67, 98, 94, 88, 89, 74, 71, 85, 81, 75, 99, 93, 100, 57, 66, 91 <-TAIL 
B: HEAD-> 15, 13, 7, 53, 55, 39, 35, 31, 40, 36, 49, 32, 54, 50, 45, 52 <-TAIL 

A: HEAD-> 5, 8, 9, 22, 28, 18, 23, 30, 16, 87, 84, 72, 95, 62, 64, 77, 73, 92, 67, 98, 94, 88, 89, 74, 71, 85, 81, 75, 99, 93, 100, 57, 66, 91 <-TAIL 
B: HEAD-> 13, 7, 53, 55, 39, 35, 31, 40, 36, 49, 32, 54, 50, 45, 52, 15 <-TAIL 

A: HEAD-> 5, 8, 9, 22, 28, 18, 23, 30, 16, 87, 84, 72, 95, 62, 64, 77, 73, 92, 67, 98, 94, 88, 89, 74, 71, 85, 81, 75, 99, 93, 100, 57, 66, 91 <-TAIL 
B: HEAD-> 7, 53, 55, 39, 35, 31, 40, 36, 49, 32, 54, 50, 45, 52, 15, 13 <-TAIL 

A: HEAD-> 5, 8, 9, 22, 28, 18, 23, 30, 16, 87, 84, 72, 95, 62, 64, 77, 73, 92, 67, 98, 94, 88, 89, 74, 71, 85, 81, 75, 99, 93, 100, 57, 66, 91 <-TAIL 
B: HEAD-> 53, 55, 39, 35, 31, 40, 36, 49, 32, 54, 50, 45, 52, 15, 13, 7 <-TAIL 

A: HEAD-> 8, 9, 22, 28, 18, 23, 30, 16, 87, 84, 72, 95, 62, 64, 77, 73, 92, 67, 98, 94, 88, 89, 74, 71, 85, 81, 75, 99, 93, 100, 57, 66, 91 <-TAIL 
B: HEAD-> 7, 5, 53, 55, 39, 35, 31, 40, 36, 49, 32, 54, 50, 45, 52, 15, 13 <-TAIL 

A: HEAD-> 22, 28, 18, 23, 30, 16, 87, 84, 72, 95, 62, 64, 77, 73, 92, 67, 98, 94, 88, 89, 74, 71, 85, 81, 75, 99, 93, 100, 57, 66, 91 <-TAIL 
B: HEAD-> 13, 9, 8, 7, 5, 53, 55, 39, 35, 31, 40, 36, 49, 32, 54, 50, 45, 52, 15 <-TAIL 

A: HEAD-> 22, 28, 18, 23, 30, 16, 87, 84, 72, 95, 62, 64, 77, 73, 92, 67, 98, 94, 88, 89, 74, 71, 85, 81, 75, 99, 93, 100, 57, 66, 91 <-TAIL 
B: HEAD-> 15, 13, 9, 8, 7, 5, 53, 55, 39, 35, 31, 40, 36, 49, 32, 54, 50, 45, 52 <-TAIL 

A: HEAD-> 22, 28, 18, 23, 30, 16, 87, 84, 72, 95, 62, 64, 77, 73, 92, 67, 98, 94, 88, 89, 74, 71, 85, 81, 75, 99, 93, 100, 57, 66, 91 <-TAIL 
B: HEAD-> 15, 13, 9, 8, 7, 5, 53, 55, 39, 35, 31, 40, 36, 49, 32, 54, 50, 45, 52 <-TAIL 

A: HEAD-> 28, 18, 23, 30, 16, 87, 84, 72, 95, 62, 64, 77, 73, 92, 67, 98, 94, 88, 89, 74, 71, 85, 81, 75, 99, 93, 100, 57, 66, 91 <-TAIL 
B: HEAD-> 22, 15, 13, 9, 8, 7, 5, 53, 55, 39, 35, 31, 40, 36, 49, 32, 54, 50, 45, 52 <-TAIL 

A: HEAD-> 18, 23, 30, 16, 87, 84, 72, 95, 62, 64, 77, 73, 92, 67, 98, 94, 88, 89, 74, 71, 85, 81, 75, 99, 93, 100, 57, 66, 91 <-TAIL 
B: HEAD-> 28, 22, 15, 13, 9, 8, 7, 5, 53, 55, 39, 35, 31, 40, 36, 49, 32, 54, 50, 45, 52 <-TAIL 

A: HEAD-> 16, 23, 30, 87, 84, 72, 95, 62, 64, 77, 73, 92, 67, 98, 94, 88, 89, 74, 71, 85, 81, 75, 99, 93, 100, 57, 66, 91 <-TAIL 
B: HEAD-> 28, 22, 18, 15, 13, 9, 8, 7, 5, 53, 55, 39, 35, 31, 40, 36, 49, 32, 54, 50, 45, 52 <-TAIL 

A: HEAD-> 23, 30, 87, 84, 72, 95, 62, 64, 77, 73, 92, 67, 98, 94, 88, 89, 74, 71, 85, 81, 75, 99, 93, 100, 57, 66, 91, 16 <-TAIL 
B: HEAD-> 28, 22, 18, 15, 13, 9, 8, 7, 5, 53, 55, 39, 35, 31, 40, 36, 49, 32, 54, 50, 45, 52 <-TAIL 

A: HEAD-> 30, 87, 84, 72, 95, 62, 64, 77, 73, 92, 67, 98, 94, 88, 89, 74, 71, 85, 81, 75, 99, 93, 100, 57, 66, 91, 16, 23 <-TAIL 
B: HEAD-> 28, 22, 18, 15, 13, 9, 8, 7, 5, 53, 55, 39, 35, 31, 40, 36, 49, 32, 54, 50, 45, 52 <-TAIL 

A: HEAD-> 23, 28, 30, 87, 84, 72, 95, 62, 64, 77, 73, 92, 67, 98, 94, 88, 89, 74, 71, 85, 81, 75, 99, 93, 100, 57, 66, 91, 16 <-TAIL 
B: HEAD-> 22, 18, 15, 13, 9, 8, 7, 5, 53, 55, 39, 35, 31, 40, 36, 49, 32, 54, 50, 45, 52 <-TAIL 

A: HEAD-> 16, 18, 22, 23, 28, 30, 87, 84, 72, 95, 62, 64, 77, 73, 92, 67, 98, 94, 88, 89, 74, 71, 85, 81, 75, 99, 93, 100, 57, 66, 91 <-TAIL 
B: HEAD-> 15, 13, 9, 8, 7, 5, 53, 55, 39, 35, 31, 40, 36, 49, 32, 54, 50, 45, 52 <-TAIL 

A: HEAD-> 16, 18, 22, 23, 28, 30, 87, 84, 72, 95, 62, 64, 77, 73, 92, 67, 98, 94, 88, 89, 74, 71, 85, 81, 75, 99, 93, 100, 57, 66, 91 <-TAIL 
B: HEAD-> 15, 13, 9, 8, 7, 5, 53, 55, 39, 35, 31, 40, 36, 49, 32, 54, 50, 45, 52 <-TAIL 

A: HEAD-> 5, 7, 8, 9, 13, 15, 16, 18, 22, 23, 28, 30, 87, 84, 72, 95, 62, 64, 77, 73, 92, 67, 98, 94, 88, 89, 74, 71, 85, 81, 75, 99, 93, 100, 57, 66, 91 <-TAIL 
B: HEAD-> 53, 55, 39, 35, 31, 40, 36, 49, 32, 54, 50, 45, 52 <-TAIL 

A: HEAD-> 5, 7, 8, 9, 13, 15, 16, 18, 22, 23, 28, 30, 87, 84, 72, 95, 62, 64, 77, 73, 92, 67, 98, 94, 88, 89, 74, 71, 85, 81, 75, 99, 93, 100, 57, 66, 91 <-TAIL 
B: HEAD-> 55, 39, 35, 31, 40, 36, 49, 32, 54, 50, 45, 52, 53 <-TAIL 

A: HEAD-> 5, 7, 8, 9, 13, 15, 16, 18, 22, 23, 28, 30, 87, 84, 72, 95, 62, 64, 77, 73, 92, 67, 98, 94, 88, 89, 74, 71, 85, 81, 75, 99, 93, 100, 57, 66, 91 <-TAIL 
B: HEAD-> 39, 35, 31, 40, 36, 49, 32, 54, 50, 45, 52, 53, 55 <-TAIL 

A: HEAD-> 39, 5, 7, 8, 9, 13, 15, 16, 18, 22, 23, 28, 30, 87, 84, 72, 95, 62, 64, 77, 73, 92, 67, 98, 94, 88, 89, 74, 71, 85, 81, 75, 99, 93, 100, 57, 66, 91 <-TAIL 
B: HEAD-> 35, 31, 40, 36, 49, 32, 54, 50, 45, 52, 53, 55 <-TAIL 

A: HEAD-> 35, 39, 5, 7, 8, 9, 13, 15, 16, 18, 22, 23, 28, 30, 87, 84, 72, 95, 62, 64, 77, 73, 92, 67, 98, 94, 88, 89, 74, 71, 85, 81, 75, 99, 93, 100, 57, 66, 91 <-TAIL 
B: HEAD-> 31, 40, 36, 49, 32, 54, 50, 45, 52, 53, 55 <-TAIL 

A: HEAD-> 31, 35, 39, 5, 7, 8, 9, 13, 15, 16, 18, 22, 23, 28, 30, 87, 84, 72, 95, 62, 64, 77, 73, 92, 67, 98, 94, 88, 89, 74, 71, 85, 81, 75, 99, 93, 100, 57, 66, 91 <-TAIL 
B: HEAD-> 40, 36, 49, 32, 54, 50, 45, 52, 53, 55 <-TAIL 

A: HEAD-> 40, 31, 35, 39, 5, 7, 8, 9, 13, 15, 16, 18, 22, 23, 28, 30, 87, 84, 72, 95, 62, 64, 77, 73, 92, 67, 98, 94, 88, 89, 74, 71, 85, 81, 75, 99, 93, 100, 57, 66, 91 <-TAIL 
B: HEAD-> 36, 49, 32, 54, 50, 45, 52, 53, 55 <-TAIL 

A: HEAD-> 36, 40, 31, 35, 39, 5, 7, 8, 9, 13, 15, 16, 18, 22, 23, 28, 30, 87, 84, 72, 95, 62, 64, 77, 73, 92, 67, 98, 94, 88, 89, 74, 71, 85, 81, 75, 99, 93, 100, 57, 66, 91 <-TAIL 
B: HEAD-> 49, 32, 54, 50, 45, 52, 53, 55 <-TAIL 

A: HEAD-> 36, 40, 31, 35, 39, 5, 7, 8, 9, 13, 15, 16, 18, 22, 23, 28, 30, 87, 84, 72, 95, 62, 64, 77, 73, 92, 67, 98, 94, 88, 89, 74, 71, 85, 81, 75, 99, 93, 100, 57, 66, 91 <-TAIL 
B: HEAD-> 32, 54, 50, 45, 52, 53, 55, 49 <-TAIL 

A: HEAD-> 32, 36, 40, 31, 35, 39, 5, 7, 8, 9, 13, 15, 16, 18, 22, 23, 28, 30, 87, 84, 72, 95, 62, 64, 77, 73, 92, 67, 98, 94, 88, 89, 74, 71, 85, 81, 75, 99, 93, 100, 57, 66, 91 <-TAIL 
B: HEAD-> 54, 50, 45, 52, 53, 55, 49 <-TAIL 

A: HEAD-> 32, 36, 40, 31, 35, 39, 5, 7, 8, 9, 13, 15, 16, 18, 22, 23, 28, 30, 87, 84, 72, 95, 62, 64, 77, 73, 92, 67, 98, 94, 88, 89, 74, 71, 85, 81, 75, 99, 93, 100, 57, 66, 91 <-TAIL 
B: HEAD-> 53, 55, 49, 54, 50, 45, 52 <-TAIL 

A: HEAD-> 36, 40, 31, 35, 39, 5, 7, 8, 9, 13, 15, 16, 18, 22, 23, 28, 30, 87, 84, 72, 95, 62, 64, 77, 73, 92, 67, 98, 94, 88, 89, 74, 71, 85, 81, 75, 99, 93, 100, 57, 66, 91 <-TAIL 
B: HEAD-> 32, 53, 55, 49, 54, 50, 45, 52 <-TAIL 

A: HEAD-> 40, 31, 35, 39, 5, 7, 8, 9, 13, 15, 16, 18, 22, 23, 28, 30, 87, 84, 72, 95, 62, 64, 77, 73, 92, 67, 98, 94, 88, 89, 74, 71, 85, 81, 75, 99, 93, 100, 57, 66, 91 <-TAIL 
B: HEAD-> 36, 32, 53, 55, 49, 54, 50, 45, 52 <-TAIL 

A: HEAD-> 31, 35, 39, 5, 7, 8, 9, 13, 15, 16, 18, 22, 23, 28, 30, 87, 84, 72, 95, 62, 64, 77, 73, 92, 67, 98, 94, 88, 89, 74, 71, 85, 81, 75, 99, 93, 100, 57, 66, 91 <-TAIL 
B: HEAD-> 40, 36, 32, 53, 55, 49, 54, 50, 45, 52 <-TAIL 

A: HEAD-> 35, 39, 5, 7, 8, 9, 13, 15, 16, 18, 22, 23, 28, 30, 87, 84, 72, 95, 62, 64, 77, 73, 92, 67, 98, 94, 88, 89, 74, 71, 85, 81, 75, 99, 93, 100, 57, 66, 91, 31 <-TAIL 
B: HEAD-> 40, 36, 32, 53, 55, 49, 54, 50, 45, 52 <-TAIL 

A: HEAD-> 39, 5, 7, 8, 9, 13, 15, 16, 18, 22, 23, 28, 30, 87, 84, 72, 95, 62, 64, 77, 73, 92, 67, 98, 94, 88, 89, 74, 71, 85, 81, 75, 99, 93, 100, 57, 66, 91, 31, 35 <-TAIL 
B: HEAD-> 40, 36, 32, 53, 55, 49, 54, 50, 45, 52 <-TAIL 

A: HEAD-> 5, 7, 8, 9, 13, 15, 16, 18, 22, 23, 28, 30, 87, 84, 72, 95, 62, 64, 77, 73, 92, 67, 98, 94, 88, 89, 74, 71, 85, 81, 75, 99, 93, 100, 57, 66, 91, 31, 35, 39 <-TAIL 
B: HEAD-> 40, 36, 32, 53, 55, 49, 54, 50, 45, 52 <-TAIL 

A: HEAD-> 39, 40, 5, 7, 8, 9, 13, 15, 16, 18, 22, 23, 28, 30, 87, 84, 72, 95, 62, 64, 77, 73, 92, 67, 98, 94, 88, 89, 74, 71, 85, 81, 75, 99, 93, 100, 57, 66, 91, 31, 35 <-TAIL 
B: HEAD-> 36, 32, 53, 55, 49, 54, 50, 45, 52 <-TAIL 

A: HEAD-> 35, 36, 39, 40, 5, 7, 8, 9, 13, 15, 16, 18, 22, 23, 28, 30, 87, 84, 72, 95, 62, 64, 77, 73, 92, 67, 98, 94, 88, 89, 74, 71, 85, 81, 75, 99, 93, 100, 57, 66, 91, 31 <-TAIL 
B: HEAD-> 32, 53, 55, 49, 54, 50, 45, 52 <-TAIL 

A: HEAD-> 31, 32, 35, 36, 39, 40, 5, 7, 8, 9, 13, 15, 16, 18, 22, 23, 28, 30, 87, 84, 72, 95, 62, 64, 77, 73, 92, 67, 98, 94, 88, 89, 74, 71, 85, 81, 75, 99, 93, 100, 57, 66, 91 <-TAIL 
B: HEAD-> 53, 55, 49, 54, 50, 45, 52 <-TAIL 

A: HEAD-> 31, 32, 35, 36, 39, 40, 5, 7, 8, 9, 13, 15, 16, 18, 22, 23, 28, 30, 87, 84, 72, 95, 62, 64, 77, 73, 92, 67, 98, 94, 88, 89, 74, 71, 85, 81, 75, 99, 93, 100, 57, 66, 91 <-TAIL 
B: HEAD-> 53, 55, 49, 54, 50, 45, 52 <-TAIL 

A: HEAD-> 53, 31, 32, 35, 36, 39, 40, 5, 7, 8, 9, 13, 15, 16, 18, 22, 23, 28, 30, 87, 84, 72, 95, 62, 64, 77, 73, 92, 67, 98, 94, 88, 89, 74, 71, 85, 81, 75, 99, 93, 100, 57, 66, 91 <-TAIL 
B: HEAD-> 55, 49, 54, 50, 45, 52 <-TAIL 

A: HEAD-> 55, 53, 31, 32, 35, 36, 39, 40, 5, 7, 8, 9, 13, 15, 16, 18, 22, 23, 28, 30, 87, 84, 72, 95, 62, 64, 77, 73, 92, 67, 98, 94, 88, 89, 74, 71, 85, 81, 75, 99, 93, 100, 57, 66, 91 <-TAIL 
B: HEAD-> 49, 54, 50, 45, 52 <-TAIL 

A: HEAD-> 49, 53, 55, 31, 32, 35, 36, 39, 40, 5, 7, 8, 9, 13, 15, 16, 18, 22, 23, 28, 30, 87, 84, 72, 95, 62, 64, 77, 73, 92, 67, 98, 94, 88, 89, 74, 71, 85, 81, 75, 99, 93, 100, 57, 66, 91 <-TAIL 
B: HEAD-> 54, 50, 45, 52 <-TAIL 

A: HEAD-> 54, 49, 53, 55, 31, 32, 35, 36, 39, 40, 5, 7, 8, 9, 13, 15, 16, 18, 22, 23, 28, 30, 87, 84, 72, 95, 62, 64, 77, 73, 92, 67, 98, 94, 88, 89, 74, 71, 85, 81, 75, 99, 93, 100, 57, 66, 91 <-TAIL 
B: HEAD-> 50, 45, 52 <-TAIL 

A: HEAD-> 50, 54, 49, 53, 55, 31, 32, 35, 36, 39, 40, 5, 7, 8, 9, 13, 15, 16, 18, 22, 23, 28, 30, 87, 84, 72, 95, 62, 64, 77, 73, 92, 67, 98, 94, 88, 89, 74, 71, 85, 81, 75, 99, 93, 100, 57, 66, 91 <-TAIL 
B: HEAD-> 52, 45 <-TAIL 

A: HEAD-> 50, 54, 49, 53, 55, 31, 32, 35, 36, 39, 40, 5, 7, 8, 9, 13, 15, 16, 18, 22, 23, 28, 30, 87, 84, 72, 95, 62, 64, 77, 73, 92, 67, 98, 94, 88, 89, 74, 71, 85, 81, 75, 99, 93, 100, 57, 66, 91 <-TAIL 
B: HEAD-> 45, 52 <-TAIL 

A: HEAD-> 54, 49, 53, 55, 31, 32, 35, 36, 39, 40, 5, 7, 8, 9, 13, 15, 16, 18, 22, 23, 28, 30, 87, 84, 72, 95, 62, 64, 77, 73, 92, 67, 98, 94, 88, 89, 74, 71, 85, 81, 75, 99, 93, 100, 57, 66, 91 <-TAIL 
B: HEAD-> 52, 50, 45 <-TAIL 

A: HEAD-> 49, 53, 55, 31, 32, 35, 36, 39, 40, 5, 7, 8, 9, 13, 15, 16, 18, 22, 23, 28, 30, 87, 84, 72, 95, 62, 64, 77, 73, 92, 67, 98, 94, 88, 89, 74, 71, 85, 81, 75, 99, 93, 100, 57, 66, 91 <-TAIL 
B: HEAD-> 54, 52, 50, 45 <-TAIL 

A: HEAD-> 49, 53, 55, 31, 32, 35, 36, 39, 40, 5, 7, 8, 9, 13, 15, 16, 18, 22, 23, 28, 30, 87, 84, 72, 95, 62, 64, 77, 73, 92, 67, 98, 94, 88, 89, 74, 71, 85, 81, 75, 99, 93, 100, 57, 66, 91 <-TAIL 
B: HEAD-> 52, 50, 45, 54 <-TAIL 

A: HEAD-> 49, 53, 55, 31, 32, 35, 36, 39, 40, 5, 7, 8, 9, 13, 15, 16, 18, 22, 23, 28, 30, 87, 84, 72, 95, 62, 64, 77, 73, 92, 67, 98, 94, 88, 89, 74, 71, 85, 81, 75, 99, 93, 100, 57, 66, 91 <-TAIL 
B: HEAD-> 50, 45, 54, 52 <-TAIL 

A: HEAD-> 49, 53, 55, 31, 32, 35, 36, 39, 40, 5, 7, 8, 9, 13, 15, 16, 18, 22, 23, 28, 30, 87, 84, 72, 95, 62, 64, 77, 73, 92, 67, 98, 94, 88, 89, 74, 71, 85, 81, 75, 99, 93, 100, 57, 66, 91 <-TAIL 
B: HEAD-> 45, 54, 52, 50 <-TAIL 

A: HEAD-> 53, 55, 31, 32, 35, 36, 39, 40, 5, 7, 8, 9, 13, 15, 16, 18, 22, 23, 28, 30, 87, 84, 72, 95, 62, 64, 77, 73, 92, 67, 98, 94, 88, 89, 74, 71, 85, 81, 75, 99, 93, 100, 57, 66, 91 <-TAIL 
B: HEAD-> 50, 49, 45, 54, 52 <-TAIL 

A: HEAD-> 53, 55, 31, 32, 35, 36, 39, 40, 5, 7, 8, 9, 13, 15, 16, 18, 22, 23, 28, 30, 87, 84, 72, 95, 62, 64, 77, 73, 92, 67, 98, 94, 88, 89, 74, 71, 85, 81, 75, 99, 93, 100, 57, 66, 91 <-TAIL 
B: HEAD-> 52, 50, 49, 45, 54 <-TAIL 

A: HEAD-> 55, 31, 32, 35, 36, 39, 40, 5, 7, 8, 9, 13, 15, 16, 18, 22, 23, 28, 30, 87, 84, 72, 95, 62, 64, 77, 73, 92, 67, 98, 94, 88, 89, 74, 71, 85, 81, 75, 99, 93, 100, 57, 66, 91 <-TAIL 
B: HEAD-> 54, 53, 52, 50, 49, 45 <-TAIL 

A: HEAD-> 31, 32, 35, 36, 39, 40, 5, 7, 8, 9, 13, 15, 16, 18, 22, 23, 28, 30, 87, 84, 72, 95, 62, 64, 77, 73, 92, 67, 98, 94, 88, 89, 74, 71, 85, 81, 75, 99, 93, 100, 57, 66, 91 <-TAIL 
B: HEAD-> 55, 54, 53, 52, 50, 49, 45 <-TAIL 

A: HEAD-> 31, 32, 35, 36, 39, 40, 5, 7, 8, 9, 13, 15, 16, 18, 22, 23, 28, 30, 87, 84, 72, 95, 62, 64, 77, 73, 92, 67, 98, 94, 88, 89, 74, 71, 85, 81, 75, 99, 93, 100, 57, 66, 91 <-TAIL 
B: HEAD-> 54, 53, 52, 50, 49, 45, 55 <-TAIL 

A: HEAD-> 31, 32, 35, 36, 39, 40, 5, 7, 8, 9, 13, 15, 16, 18, 22, 23, 28, 30, 87, 84, 72, 95, 62, 64, 77, 73, 92, 67, 98, 94, 88, 89, 74, 71, 85, 81, 75, 99, 93, 100, 57, 66, 91 <-TAIL 
B: HEAD-> 53, 52, 50, 49, 45, 55, 54 <-TAIL 

A: HEAD-> 31, 32, 35, 36, 39, 40, 5, 7, 8, 9, 13, 15, 16, 18, 22, 23, 28, 30, 87, 84, 72, 95, 62, 64, 77, 73, 92, 67, 98, 94, 88, 89, 74, 71, 85, 81, 75, 99, 93, 100, 57, 66, 91 <-TAIL 
B: HEAD-> 52, 50, 49, 45, 55, 54, 53 <-TAIL 

A: HEAD-> 31, 32, 35, 36, 39, 40, 5, 7, 8, 9, 13, 15, 16, 18, 22, 23, 28, 30, 87, 84, 72, 95, 62, 64, 77, 73, 92, 67, 98, 94, 88, 89, 74, 71, 85, 81, 75, 99, 93, 100, 57, 66, 91 <-TAIL 
B: HEAD-> 50, 49, 45, 55, 54, 53, 52 <-TAIL 

A: HEAD-> 31, 32, 35, 36, 39, 40, 5, 7, 8, 9, 13, 15, 16, 18, 22, 23, 28, 30, 87, 84, 72, 95, 62, 64, 77, 73, 92, 67, 98, 94, 88, 89, 74, 71, 85, 81, 75, 99, 93, 100, 57, 66, 91 <-TAIL 
B: HEAD-> 49, 45, 55, 54, 53, 52, 50 <-TAIL 

A: HEAD-> 31, 32, 35, 36, 39, 40, 5, 7, 8, 9, 13, 15, 16, 18, 22, 23, 28, 30, 87, 84, 72, 95, 62, 64, 77, 73, 92, 67, 98, 94, 88, 89, 74, 71, 85, 81, 75, 99, 93, 100, 57, 66, 91 <-TAIL 
B: HEAD-> 45, 55, 54, 53, 52, 50, 49 <-TAIL 

A: HEAD-> 31, 32, 35, 36, 39, 40, 5, 7, 8, 9, 13, 15, 16, 18, 22, 23, 28, 30, 87, 84, 72, 95, 62, 64, 77, 73, 92, 67, 98, 94, 88, 89, 74, 71, 85, 81, 75, 99, 93, 100, 57, 66, 91 <-TAIL 
B: HEAD-> 55, 54, 53, 52, 50, 49, 45 <-TAIL 

A: HEAD-> 5, 7, 8, 9, 13, 15, 16, 18, 22, 23, 28, 30, 87, 84, 72, 95, 62, 64, 77, 73, 92, 67, 98, 94, 88, 89, 74, 71, 85, 81, 75, 99, 93, 100, 57, 66, 91 <-TAIL 
B: HEAD-> 45, 40, 39, 36, 35, 32, 31, 55, 54, 53, 52, 50, 49 <-TAIL 

A: HEAD-> 5, 7, 8, 9, 13, 15, 16, 18, 22, 23, 28, 30, 87, 84, 72, 95, 62, 64, 77, 73, 92, 67, 98, 94, 88, 89, 74, 71, 85, 81, 75, 99, 93, 100, 57, 66, 91 <-TAIL 
B: HEAD-> 49, 45, 40, 39, 36, 35, 32, 31, 55, 54, 53, 52, 50 <-TAIL 

A: HEAD-> 5, 7, 8, 9, 13, 15, 16, 18, 22, 23, 28, 30, 87, 84, 72, 95, 62, 64, 77, 73, 92, 67, 98, 94, 88, 89, 74, 71, 85, 81, 75, 99, 93, 100, 57, 66, 91 <-TAIL 
B: HEAD-> 50, 49, 45, 40, 39, 36, 35, 32, 31, 55, 54, 53, 52 <-TAIL 

A: HEAD-> 5, 7, 8, 9, 13, 15, 16, 18, 22, 23, 28, 30, 87, 84, 72, 95, 62, 64, 77, 73, 92, 67, 98, 94, 88, 89, 74, 71, 85, 81, 75, 99, 93, 100, 57, 66, 91 <-TAIL 
B: HEAD-> 52, 50, 49, 45, 40, 39, 36, 35, 32, 31, 55, 54, 53 <-TAIL 

A: HEAD-> 5, 7, 8, 9, 13, 15, 16, 18, 22, 23, 28, 30, 87, 84, 72, 95, 62, 64, 77, 73, 92, 67, 98, 94, 88, 89, 74, 71, 85, 81, 75, 99, 93, 100, 57, 66, 91 <-TAIL 
B: HEAD-> 53, 52, 50, 49, 45, 40, 39, 36, 35, 32, 31, 55, 54 <-TAIL 

A: HEAD-> 5, 7, 8, 9, 13, 15, 16, 18, 22, 23, 28, 30, 87, 84, 72, 95, 62, 64, 77, 73, 92, 67, 98, 94, 88, 89, 74, 71, 85, 81, 75, 99, 93, 100, 57, 66, 91 <-TAIL 
B: HEAD-> 54, 53, 52, 50, 49, 45, 40, 39, 36, 35, 32, 31, 55 <-TAIL 

A: HEAD-> 5, 7, 8, 9, 13, 15, 16, 18, 22, 23, 28, 30, 87, 84, 72, 95, 62, 64, 77, 73, 92, 67, 98, 94, 88, 89, 74, 71, 85, 81, 75, 99, 93, 100, 57, 66, 91 <-TAIL 
B: HEAD-> 55, 54, 53, 52, 50, 49, 45, 40, 39, 36, 35, 32, 31 <-TAIL 

A: HEAD-> 5, 7, 8, 9, 13, 15, 16, 18, 22, 23, 28, 30, 87, 84, 72, 95, 62, 64, 77, 73, 92, 67, 98, 94, 88, 89, 74, 71, 85, 81, 75, 99, 93, 100, 57, 66, 91 <-TAIL 
B: HEAD-> 55, 54, 53, 52, 50, 49, 45, 40, 39, 36, 35, 32, 31 <-TAIL 

A: HEAD-> 5, 7, 8, 9, 13, 15, 16, 18, 22, 23, 28, 30, 87, 84, 72, 95, 62, 64, 77, 73, 92, 67, 98, 94, 88, 89, 74, 71, 85, 81, 75, 99, 93, 100, 57, 66, 91 <-TAIL 
B: HEAD-> 54, 53, 52, 50, 49, 45, 40, 39, 36, 35, 32, 31, 55 <-TAIL 

A: HEAD-> 5, 7, 8, 9, 13, 15, 16, 18, 22, 23, 28, 30, 87, 84, 72, 95, 62, 64, 77, 73, 92, 67, 98, 94, 88, 89, 74, 71, 85, 81, 75, 99, 93, 100, 57, 66, 91 <-TAIL 
B: HEAD-> 53, 52, 50, 49, 45, 40, 39, 36, 35, 32, 31, 55, 54 <-TAIL 

A: HEAD-> 5, 7, 8, 9, 13, 15, 16, 18, 22, 23, 28, 30, 87, 84, 72, 95, 62, 64, 77, 73, 92, 67, 98, 94, 88, 89, 74, 71, 85, 81, 75, 99, 93, 100, 57, 66, 91 <-TAIL 
B: HEAD-> 52, 50, 49, 45, 40, 39, 36, 35, 32, 31, 55, 54, 53 <-TAIL 

A: HEAD-> 5, 7, 8, 9, 13, 15, 16, 18, 22, 23, 28, 30, 87, 84, 72, 95, 62, 64, 77, 73, 92, 67, 98, 94, 88, 89, 74, 71, 85, 81, 75, 99, 93, 100, 57, 66, 91 <-TAIL 
B: HEAD-> 50, 49, 45, 40, 39, 36, 35, 32, 31, 55, 54, 53, 52 <-TAIL 

A: HEAD-> 5, 7, 8, 9, 13, 15, 16, 18, 22, 23, 28, 30, 87, 84, 72, 95, 62, 64, 77, 73, 92, 67, 98, 94, 88, 89, 74, 71, 85, 81, 75, 99, 93, 100, 57, 66, 91 <-TAIL 
B: HEAD-> 49, 45, 40, 39, 36, 35, 32, 31, 55, 54, 53, 52, 50 <-TAIL 

A: HEAD-> 5, 7, 8, 9, 13, 15, 16, 18, 22, 23, 28, 30, 87, 84, 72, 95, 62, 64, 77, 73, 92, 67, 98, 94, 88, 89, 74, 71, 85, 81, 75, 99, 93, 100, 57, 66, 91 <-TAIL 
B: HEAD-> 45, 40, 39, 36, 35, 32, 31, 55, 54, 53, 52, 50, 49 <-TAIL 

A: HEAD-> 5, 7, 8, 9, 13, 15, 16, 18, 22, 23, 28, 30, 87, 84, 72, 95, 62, 64, 77, 73, 92, 67, 98, 94, 88, 89, 74, 71, 85, 81, 75, 99, 93, 100, 57, 66, 91 <-TAIL 
B: HEAD-> 40, 39, 36, 35, 32, 31, 55, 54, 53, 52, 50, 49, 45 <-TAIL 

A: HEAD-> 5, 7, 8, 9, 13, 15, 16, 18, 22, 23, 28, 30, 87, 84, 72, 95, 62, 64, 77, 73, 92, 67, 98, 94, 88, 89, 74, 71, 85, 81, 75, 99, 93, 100, 57, 66, 91 <-TAIL 
B: HEAD-> 39, 36, 35, 32, 31, 55, 54, 53, 52, 50, 49, 45, 40 <-TAIL 

A: HEAD-> 5, 7, 8, 9, 13, 15, 16, 18, 22, 23, 28, 30, 87, 84, 72, 95, 62, 64, 77, 73, 92, 67, 98, 94, 88, 89, 74, 71, 85, 81, 75, 99, 93, 100, 57, 66, 91 <-TAIL 
B: HEAD-> 36, 35, 32, 31, 55, 54, 53, 52, 50, 49, 45, 40, 39 <-TAIL 

A: HEAD-> 5, 7, 8, 9, 13, 15, 16, 18, 22, 23, 28, 30, 87, 84, 72, 95, 62, 64, 77, 73, 92, 67, 98, 94, 88, 89, 74, 71, 85, 81, 75, 99, 93, 100, 57, 66, 91 <-TAIL 
B: HEAD-> 35, 32, 31, 55, 54, 53, 52, 50, 49, 45, 40, 39, 36 <-TAIL 

A: HEAD-> 5, 7, 8, 9, 13, 15, 16, 18, 22, 23, 28, 30, 87, 84, 72, 95, 62, 64, 77, 73, 92, 67, 98, 94, 88, 89, 74, 71, 85, 81, 75, 99, 93, 100, 57, 66, 91 <-TAIL 
B: HEAD-> 32, 31, 55, 54, 53, 52, 50, 49, 45, 40, 39, 36, 35 <-TAIL 

A: HEAD-> 5, 7, 8, 9, 13, 15, 16, 18, 22, 23, 28, 30, 87, 84, 72, 95, 62, 64, 77, 73, 92, 67, 98, 94, 88, 89, 74, 71, 85, 81, 75, 99, 93, 100, 57, 66, 91 <-TAIL 
B: HEAD-> 31, 55, 54, 53, 52, 50, 49, 45, 40, 39, 36, 35, 32 <-TAIL 

A: HEAD-> 5, 7, 8, 9, 13, 15, 16, 18, 22, 23, 28, 30, 87, 84, 72, 95, 62, 64, 77, 73, 92, 67, 98, 94, 88, 89, 74, 71, 85, 81, 75, 99, 93, 100, 57, 66, 91 <-TAIL 
B: HEAD-> 55, 54, 53, 52, 50, 49, 45, 40, 39, 36, 35, 32, 31 <-TAIL 

A: HEAD-> 87, 84, 72, 95, 62, 64, 77, 73, 92, 67, 98, 94, 88, 89, 74, 71, 85, 81, 75, 99, 93, 100, 57, 66, 91 <-TAIL 
B: HEAD-> 31, 30, 28, 23, 22, 18, 16, 15, 13, 9, 8, 7, 5, 55, 54, 53, 52, 50, 49, 45, 40, 39, 36, 35, 32 <-TAIL 

A: HEAD-> 87, 84, 72, 95, 62, 64, 77, 73, 92, 67, 98, 94, 88, 89, 74, 71, 85, 81, 75, 99, 93, 100, 57, 66, 91 <-TAIL 
B: HEAD-> 32, 31, 30, 28, 23, 22, 18, 16, 15, 13, 9, 8, 7, 5, 55, 54, 53, 52, 50, 49, 45, 40, 39, 36, 35 <-TAIL 

A: HEAD-> 87, 84, 72, 95, 62, 64, 77, 73, 92, 67, 98, 94, 88, 89, 74, 71, 85, 81, 75, 99, 93, 100, 57, 66, 91 <-TAIL 
B: HEAD-> 35, 32, 31, 30, 28, 23, 22, 18, 16, 15, 13, 9, 8, 7, 5, 55, 54, 53, 52, 50, 49, 45, 40, 39, 36 <-TAIL 

A: HEAD-> 87, 84, 72, 95, 62, 64, 77, 73, 92, 67, 98, 94, 88, 89, 74, 71, 85, 81, 75, 99, 93, 100, 57, 66, 91 <-TAIL 
B: HEAD-> 36, 35, 32, 31, 30, 28, 23, 22, 18, 16, 15, 13, 9, 8, 7, 5, 55, 54, 53, 52, 50, 49, 45, 40, 39 <-TAIL 

A: HEAD-> 87, 84, 72, 95, 62, 64, 77, 73, 92, 67, 98, 94, 88, 89, 74, 71, 85, 81, 75, 99, 93, 100, 57, 66, 91 <-TAIL 
B: HEAD-> 39, 36, 35, 32, 31, 30, 28, 23, 22, 18, 16, 15, 13, 9, 8, 7, 5, 55, 54, 53, 52, 50, 49, 45, 40 <-TAIL 

A: HEAD-> 87, 84, 72, 95, 62, 64, 77, 73, 92, 67, 98, 94, 88, 89, 74, 71, 85, 81, 75, 99, 93, 100, 57, 66, 91 <-TAIL 
B: HEAD-> 40, 39, 36, 35, 32, 31, 30, 28, 23, 22, 18, 16, 15, 13, 9, 8, 7, 5, 55, 54, 53, 52, 50, 49, 45 <-TAIL 

A: HEAD-> 87, 84, 72, 95, 62, 64, 77, 73, 92, 67, 98, 94, 88, 89, 74, 71, 85, 81, 75, 99, 93, 100, 57, 66, 91 <-TAIL 
B: HEAD-> 45, 40, 39, 36, 35, 32, 31, 30, 28, 23, 22, 18, 16, 15, 13, 9, 8, 7, 5, 55, 54, 53, 52, 50, 49 <-TAIL 

A: HEAD-> 87, 84, 72, 95, 62, 64, 77, 73, 92, 67, 98, 94, 88, 89, 74, 71, 85, 81, 75, 99, 93, 100, 57, 66, 91 <-TAIL 
B: HEAD-> 49, 45, 40, 39, 36, 35, 32, 31, 30, 28, 23, 22, 18, 16, 15, 13, 9, 8, 7, 5, 55, 54, 53, 52, 50 <-TAIL 

A: HEAD-> 87, 84, 72, 95, 62, 64, 77, 73, 92, 67, 98, 94, 88, 89, 74, 71, 85, 81, 75, 99, 93, 100, 57, 66, 91 <-TAIL 
B: HEAD-> 50, 49, 45, 40, 39, 36, 35, 32, 31, 30, 28, 23, 22, 18, 16, 15, 13, 9, 8, 7, 5, 55, 54, 53, 52 <-TAIL 

A: HEAD-> 87, 84, 72, 95, 62, 64, 77, 73, 92, 67, 98, 94, 88, 89, 74, 71, 85, 81, 75, 99, 93, 100, 57, 66, 91 <-TAIL 
B: HEAD-> 52, 50, 49, 45, 40, 39, 36, 35, 32, 31, 30, 28, 23, 22, 18, 16, 15, 13, 9, 8, 7, 5, 55, 54, 53 <-TAIL 

A: HEAD-> 87, 84, 72, 95, 62, 64, 77, 73, 92, 67, 98, 94, 88, 89, 74, 71, 85, 81, 75, 99, 93, 100, 57, 66, 91 <-TAIL 
B: HEAD-> 53, 52, 50, 49, 45, 40, 39, 36, 35, 32, 31, 30, 28, 23, 22, 18, 16, 15, 13, 9, 8, 7, 5, 55, 54 <-TAIL 

A: HEAD-> 87, 84, 72, 95, 62, 64, 77, 73, 92, 67, 98, 94, 88, 89, 74, 71, 85, 81, 75, 99, 93, 100, 57, 66, 91 <-TAIL 
B: HEAD-> 54, 53, 52, 50, 49, 45, 40, 39, 36, 35, 32, 31, 30, 28, 23, 22, 18, 16, 15, 13, 9, 8, 7, 5, 55 <-TAIL 

A: HEAD-> 87, 84, 72, 95, 62, 64, 77, 73, 92, 67, 98, 94, 88, 89, 74, 71, 85, 81, 75, 99, 93, 100, 57, 66, 91 <-TAIL 
B: HEAD-> 55, 54, 53, 52, 50, 49, 45, 40, 39, 36, 35, 32, 31, 30, 28, 23, 22, 18, 16, 15, 13, 9, 8, 7, 5 <-TAIL 

A: HEAD-> 87, 84, 72, 95, 62, 64, 77, 73, 92, 67, 98, 94, 88, 89, 74, 71, 85, 81, 75, 99, 93, 100, 57, 66, 91 <-TAIL 
B: HEAD-> 55, 54, 53, 52, 50, 49, 45, 40, 39, 36, 35, 32, 31, 30, 28, 23, 22, 18, 16, 15, 13, 9, 8, 7, 5 <-TAIL 

A: HEAD-> 84, 72, 95, 62, 64, 77, 73, 92, 67, 98, 94, 88, 89, 74, 71, 85, 81, 75, 99, 93, 100, 57, 66, 91, 87 <-TAIL 
B: HEAD-> 55, 54, 53, 52, 50, 49, 45, 40, 39, 36, 35, 32, 31, 30, 28, 23, 22, 18, 16, 15, 13, 9, 8, 7, 5 <-TAIL 

A: HEAD-> 72, 95, 62, 64, 77, 73, 92, 67, 98, 94, 88, 89, 74, 71, 85, 81, 75, 99, 93, 100, 57, 66, 91, 87, 84 <-TAIL 
B: HEAD-> 55, 54, 53, 52, 50, 49, 45, 40, 39, 36, 35, 32, 31, 30, 28, 23, 22, 18, 16, 15, 13, 9, 8, 7, 5 <-TAIL 

A: HEAD-> 95, 62, 64, 77, 73, 92, 67, 98, 94, 88, 89, 74, 71, 85, 81, 75, 99, 93, 100, 57, 66, 91, 87, 84 <-TAIL 
B: HEAD-> 72, 55, 54, 53, 52, 50, 49, 45, 40, 39, 36, 35, 32, 31, 30, 28, 23, 22, 18, 16, 15, 13, 9, 8, 7, 5 <-TAIL 

A: HEAD-> 62, 64, 77, 73, 92, 67, 98, 94, 88, 89, 74, 71, 85, 81, 75, 99, 93, 100, 57, 66, 91, 87, 84, 95 <-TAIL 
B: HEAD-> 72, 55, 54, 53, 52, 50, 49, 45, 40, 39, 36, 35, 32, 31, 30, 28, 23, 22, 18, 16, 15, 13, 9, 8, 7, 5 <-TAIL 

A: HEAD-> 64, 77, 73, 92, 67, 98, 94, 88, 89, 74, 71, 85, 81, 75, 99, 93, 100, 57, 66, 91, 87, 84, 95 <-TAIL 
B: HEAD-> 62, 72, 55, 54, 53, 52, 50, 49, 45, 40, 39, 36, 35, 32, 31, 30, 28, 23, 22, 18, 16, 15, 13, 9, 8, 7, 5 <-TAIL 

A: HEAD-> 77, 73, 92, 67, 98, 94, 88, 89, 74, 71, 85, 81, 75, 99, 93, 100, 57, 66, 91, 87, 84, 95 <-TAIL 
B: HEAD-> 64, 62, 72, 55, 54, 53, 52, 50, 49, 45, 40, 39, 36, 35, 32, 31, 30, 28, 23, 22, 18, 16, 15, 13, 9, 8, 7, 5 <-TAIL 

A: HEAD-> 73, 92, 67, 98, 94, 88, 89, 74, 71, 85, 81, 75, 99, 93, 100, 57, 66, 91, 87, 84, 95 <-TAIL 
B: HEAD-> 77, 64, 62, 72, 55, 54, 53, 52, 50, 49, 45, 40, 39, 36, 35, 32, 31, 30, 28, 23, 22, 18, 16, 15, 13, 9, 8, 7, 5 <-TAIL 

A: HEAD-> 92, 67, 98, 94, 88, 89, 74, 71, 85, 81, 75, 99, 93, 100, 57, 66, 91, 87, 84, 95 <-TAIL 
B: HEAD-> 73, 77, 64, 62, 72, 55, 54, 53, 52, 50, 49, 45, 40, 39, 36, 35, 32, 31, 30, 28, 23, 22, 18, 16, 15, 13, 9, 8, 7, 5 <-TAIL 

A: HEAD-> 67, 98, 94, 88, 89, 74, 71, 85, 81, 75, 99, 93, 100, 57, 66, 91, 87, 84, 95, 92 <-TAIL 
B: HEAD-> 73, 77, 64, 62, 72, 55, 54, 53, 52, 50, 49, 45, 40, 39, 36, 35, 32, 31, 30, 28, 23, 22, 18, 16, 15, 13, 9, 8, 7, 5 <-TAIL 

A: HEAD-> 98, 94, 88, 89, 74, 71, 85, 81, 75, 99, 93, 100, 57, 66, 91, 87, 84, 95, 92 <-TAIL 
B: HEAD-> 67, 73, 77, 64, 62, 72, 55, 54, 53, 52, 50, 49, 45, 40, 39, 36, 35, 32, 31, 30, 28, 23, 22, 18, 16, 15, 13, 9, 8, 7, 5 <-TAIL 

A: HEAD-> 94, 88, 89, 74, 71, 85, 81, 75, 99, 93, 100, 57, 66, 91, 87, 84, 95, 92, 98 <-TAIL 
B: HEAD-> 67, 73, 77, 64, 62, 72, 55, 54, 53, 52, 50, 49, 45, 40, 39, 36, 35, 32, 31, 30, 28, 23, 22, 18, 16, 15, 13, 9, 8, 7, 5 <-TAIL 

A: HEAD-> 88, 89, 74, 71, 85, 81, 75, 99, 93, 100, 57, 66, 91, 87, 84, 95, 92, 98, 94 <-TAIL 
B: HEAD-> 67, 73, 77, 64, 62, 72, 55, 54, 53, 52, 50, 49, 45, 40, 39, 36, 35, 32, 31, 30, 28, 23, 22, 18, 16, 15, 13, 9, 8, 7, 5 <-TAIL 

A: HEAD-> 89, 74, 71, 85, 81, 75, 99, 93, 100, 57, 66, 91, 87, 84, 95, 92, 98, 94, 88 <-TAIL 
B: HEAD-> 67, 73, 77, 64, 62, 72, 55, 54, 53, 52, 50, 49, 45, 40, 39, 36, 35, 32, 31, 30, 28, 23, 22, 18, 16, 15, 13, 9, 8, 7, 5 <-TAIL 

A: HEAD-> 74, 71, 85, 81, 75, 99, 93, 100, 57, 66, 91, 87, 84, 95, 92, 98, 94, 88, 89 <-TAIL 
B: HEAD-> 67, 73, 77, 64, 62, 72, 55, 54, 53, 52, 50, 49, 45, 40, 39, 36, 35, 32, 31, 30, 28, 23, 22, 18, 16, 15, 13, 9, 8, 7, 5 <-TAIL 

A: HEAD-> 71, 85, 81, 75, 99, 93, 100, 57, 66, 91, 87, 84, 95, 92, 98, 94, 88, 89 <-TAIL 
B: HEAD-> 74, 67, 73, 77, 64, 62, 72, 55, 54, 53, 52, 50, 49, 45, 40, 39, 36, 35, 32, 31, 30, 28, 23, 22, 18, 16, 15, 13, 9, 8, 7, 5 <-TAIL 

A: HEAD-> 85, 81, 75, 99, 93, 100, 57, 66, 91, 87, 84, 95, 92, 98, 94, 88, 89 <-TAIL 
B: HEAD-> 71, 74, 67, 73, 77, 64, 62, 72, 55, 54, 53, 52, 50, 49, 45, 40, 39, 36, 35, 32, 31, 30, 28, 23, 22, 18, 16, 15, 13, 9, 8, 7, 5 <-TAIL 

A: HEAD-> 81, 75, 99, 93, 100, 57, 66, 91, 87, 84, 95, 92, 98, 94, 88, 89, 85 <-TAIL 
B: HEAD-> 71, 74, 67, 73, 77, 64, 62, 72, 55, 54, 53, 52, 50, 49, 45, 40, 39, 36, 35, 32, 31, 30, 28, 23, 22, 18, 16, 15, 13, 9, 8, 7, 5 <-TAIL 

A: HEAD-> 75, 99, 93, 100, 57, 66, 91, 87, 84, 95, 92, 98, 94, 88, 89, 85 <-TAIL 
B: HEAD-> 81, 71, 74, 67, 73, 77, 64, 62, 72, 55, 54, 53, 52, 50, 49, 45, 40, 39, 36, 35, 32, 31, 30, 28, 23, 22, 18, 16, 15, 13, 9, 8, 7, 5 <-TAIL 

A: HEAD-> 99, 93, 100, 57, 66, 91, 87, 84, 95, 92, 98, 94, 88, 89, 85 <-TAIL 
B: HEAD-> 75, 81, 71, 74, 67, 73, 77, 64, 62, 72, 55, 54, 53, 52, 50, 49, 45, 40, 39, 36, 35, 32, 31, 30, 28, 23, 22, 18, 16, 15, 13, 9, 8, 7, 5 <-TAIL 

A: HEAD-> 93, 100, 57, 66, 91, 87, 84, 95, 92, 98, 94, 88, 89, 85, 99 <-TAIL 
B: HEAD-> 75, 81, 71, 74, 67, 73, 77, 64, 62, 72, 55, 54, 53, 52, 50, 49, 45, 40, 39, 36, 35, 32, 31, 30, 28, 23, 22, 18, 16, 15, 13, 9, 8, 7, 5 <-TAIL 

A: HEAD-> 100, 57, 66, 91, 87, 84, 95, 92, 98, 94, 88, 89, 85, 99, 93 <-TAIL 
B: HEAD-> 75, 81, 71, 74, 67, 73, 77, 64, 62, 72, 55, 54, 53, 52, 50, 49, 45, 40, 39, 36, 35, 32, 31, 30, 28, 23, 22, 18, 16, 15, 13, 9, 8, 7, 5 <-TAIL 

A: HEAD-> 57, 66, 91, 87, 84, 95, 92, 98, 94, 88, 89, 85, 99, 93, 100 <-TAIL 
B: HEAD-> 75, 81, 71, 74, 67, 73, 77, 64, 62, 72, 55, 54, 53, 52, 50, 49, 45, 40, 39, 36, 35, 32, 31, 30, 28, 23, 22, 18, 16, 15, 13, 9, 8, 7, 5 <-TAIL 

A: HEAD-> 66, 91, 87, 84, 95, 92, 98, 94, 88, 89, 85, 99, 93, 100 <-TAIL 
B: HEAD-> 57, 75, 81, 71, 74, 67, 73, 77, 64, 62, 72, 55, 54, 53, 52, 50, 49, 45, 40, 39, 36, 35, 32, 31, 30, 28, 23, 22, 18, 16, 15, 13, 9, 8, 7, 5 <-TAIL 

A: HEAD-> 91, 87, 84, 95, 92, 98, 94, 88, 89, 85, 99, 93, 100 <-TAIL 
B: HEAD-> 66, 57, 75, 81, 71, 74, 67, 73, 77, 64, 62, 72, 55, 54, 53, 52, 50, 49, 45, 40, 39, 36, 35, 32, 31, 30, 28, 23, 22, 18, 16, 15, 13, 9, 8, 7, 5 <-TAIL 

A: HEAD-> 87, 84, 95, 92, 98, 94, 88, 89, 85, 99, 93, 100, 91 <-TAIL 
B: HEAD-> 66, 57, 75, 81, 71, 74, 67, 73, 77, 64, 62, 72, 55, 54, 53, 52, 50, 49, 45, 40, 39, 36, 35, 32, 31, 30, 28, 23, 22, 18, 16, 15, 13, 9, 8, 7, 5 <-TAIL 

A: HEAD-> 66, 87, 84, 95, 92, 98, 94, 88, 89, 85, 99, 93, 100, 91 <-TAIL 
B: HEAD-> 57, 75, 81, 71, 74, 67, 73, 77, 64, 62, 72, 55, 54, 53, 52, 50, 49, 45, 40, 39, 36, 35, 32, 31, 30, 28, 23, 22, 18, 16, 15, 13, 9, 8, 7, 5 <-TAIL 

A: HEAD-> 57, 66, 87, 84, 95, 92, 98, 94, 88, 89, 85, 99, 93, 100, 91 <-TAIL 
B: HEAD-> 75, 81, 71, 74, 67, 73, 77, 64, 62, 72, 55, 54, 53, 52, 50, 49, 45, 40, 39, 36, 35, 32, 31, 30, 28, 23, 22, 18, 16, 15, 13, 9, 8, 7, 5 <-TAIL 

A: HEAD-> 57, 66, 87, 84, 95, 92, 98, 94, 88, 89, 85, 99, 93, 100, 91 <-TAIL 
B: HEAD-> 81, 71, 74, 67, 73, 77, 64, 62, 72, 55, 54, 53, 52, 50, 49, 45, 40, 39, 36, 35, 32, 31, 30, 28, 23, 22, 18, 16, 15, 13, 9, 8, 7, 5, 75 <-TAIL 

A: HEAD-> 57, 66, 87, 84, 95, 92, 98, 94, 88, 89, 85, 99, 93, 100, 91 <-TAIL 
B: HEAD-> 71, 74, 67, 73, 77, 64, 62, 72, 55, 54, 53, 52, 50, 49, 45, 40, 39, 36, 35, 32, 31, 30, 28, 23, 22, 18, 16, 15, 13, 9, 8, 7, 5, 75, 81 <-TAIL 

A: HEAD-> 71, 57, 66, 87, 84, 95, 92, 98, 94, 88, 89, 85, 99, 93, 100, 91 <-TAIL 
B: HEAD-> 74, 67, 73, 77, 64, 62, 72, 55, 54, 53, 52, 50, 49, 45, 40, 39, 36, 35, 32, 31, 30, 28, 23, 22, 18, 16, 15, 13, 9, 8, 7, 5, 75, 81 <-TAIL 

A: HEAD-> 71, 57, 66, 87, 84, 95, 92, 98, 94, 88, 89, 85, 99, 93, 100, 91 <-TAIL 
B: HEAD-> 67, 73, 77, 64, 62, 72, 55, 54, 53, 52, 50, 49, 45, 40, 39, 36, 35, 32, 31, 30, 28, 23, 22, 18, 16, 15, 13, 9, 8, 7, 5, 75, 81, 74 <-TAIL 

A: HEAD-> 67, 71, 57, 66, 87, 84, 95, 92, 98, 94, 88, 89, 85, 99, 93, 100, 91 <-TAIL 
B: HEAD-> 73, 77, 64, 62, 72, 55, 54, 53, 52, 50, 49, 45, 40, 39, 36, 35, 32, 31, 30, 28, 23, 22, 18, 16, 15, 13, 9, 8, 7, 5, 75, 81, 74 <-TAIL 

A: HEAD-> 67, 71, 57, 66, 87, 84, 95, 92, 98, 94, 88, 89, 85, 99, 93, 100, 91 <-TAIL 
B: HEAD-> 77, 64, 62, 72, 55, 54, 53, 52, 50, 49, 45, 40, 39, 36, 35, 32, 31, 30, 28, 23, 22, 18, 16, 15, 13, 9, 8, 7, 5, 75, 81, 74, 73 <-TAIL 

A: HEAD-> 67, 71, 57, 66, 87, 84, 95, 92, 98, 94, 88, 89, 85, 99, 93, 100, 91 <-TAIL 
B: HEAD-> 64, 62, 72, 55, 54, 53, 52, 50, 49, 45, 40, 39, 36, 35, 32, 31, 30, 28, 23, 22, 18, 16, 15, 13, 9, 8, 7, 5, 75, 81, 74, 73, 77 <-TAIL 

A: HEAD-> 64, 67, 71, 57, 66, 87, 84, 95, 92, 98, 94, 88, 89, 85, 99, 93, 100, 91 <-TAIL 
B: HEAD-> 62, 72, 55, 54, 53, 52, 50, 49, 45, 40, 39, 36, 35, 32, 31, 30, 28, 23, 22, 18, 16, 15, 13, 9, 8, 7, 5, 75, 81, 74, 73, 77 <-TAIL 

A: HEAD-> 62, 64, 67, 71, 57, 66, 87, 84, 95, 92, 98, 94, 88, 89, 85, 99, 93, 100, 91 <-TAIL 
B: HEAD-> 72, 55, 54, 53, 52, 50, 49, 45, 40, 39, 36, 35, 32, 31, 30, 28, 23, 22, 18, 16, 15, 13, 9, 8, 7, 5, 75, 81, 74, 73, 77 <-TAIL 

A: HEAD-> 62, 64, 67, 71, 57, 66, 87, 84, 95, 92, 98, 94, 88, 89, 85, 99, 93, 100, 91 <-TAIL 
B: HEAD-> 75, 81, 74, 73, 77, 72, 55, 54, 53, 52, 50, 49, 45, 40, 39, 36, 35, 32, 31, 30, 28, 23, 22, 18, 16, 15, 13, 9, 8, 7, 5 <-TAIL 

A: HEAD-> 64, 67, 71, 57, 66, 87, 84, 95, 92, 98, 94, 88, 89, 85, 99, 93, 100, 91 <-TAIL 
B: HEAD-> 62, 75, 81, 74, 73, 77, 72, 55, 54, 53, 52, 50, 49, 45, 40, 39, 36, 35, 32, 31, 30, 28, 23, 22, 18, 16, 15, 13, 9, 8, 7, 5 <-TAIL 

A: HEAD-> 67, 71, 57, 66, 87, 84, 95, 92, 98, 94, 88, 89, 85, 99, 93, 100, 91 <-TAIL 
B: HEAD-> 64, 62, 75, 81, 74, 73, 77, 72, 55, 54, 53, 52, 50, 49, 45, 40, 39, 36, 35, 32, 31, 30, 28, 23, 22, 18, 16, 15, 13, 9, 8, 7, 5 <-TAIL 

A: HEAD-> 57, 66, 71, 87, 84, 95, 92, 98, 94, 88, 89, 85, 99, 93, 100, 91 <-TAIL 
B: HEAD-> 67, 64, 62, 75, 81, 74, 73, 77, 72, 55, 54, 53, 52, 50, 49, 45, 40, 39, 36, 35, 32, 31, 30, 28, 23, 22, 18, 16, 15, 13, 9, 8, 7, 5 <-TAIL 

A: HEAD-> 66, 71, 87, 84, 95, 92, 98, 94, 88, 89, 85, 99, 93, 100, 91, 57 <-TAIL 
B: HEAD-> 67, 64, 62, 75, 81, 74, 73, 77, 72, 55, 54, 53, 52, 50, 49, 45, 40, 39, 36, 35, 32, 31, 30, 28, 23, 22, 18, 16, 15, 13, 9, 8, 7, 5 <-TAIL 

A: HEAD-> 71, 87, 84, 95, 92, 98, 94, 88, 89, 85, 99, 93, 100, 91, 57, 66 <-TAIL 
B: HEAD-> 67, 64, 62, 75, 81, 74, 73, 77, 72, 55, 54, 53, 52, 50, 49, 45, 40, 39, 36, 35, 32, 31, 30, 28, 23, 22, 18, 16, 15, 13, 9, 8, 7, 5 <-TAIL 

A: HEAD-> 66, 67, 71, 87, 84, 95, 92, 98, 94, 88, 89, 85, 99, 93, 100, 91, 57 <-TAIL 
B: HEAD-> 64, 62, 75, 81, 74, 73, 77, 72, 55, 54, 53, 52, 50, 49, 45, 40, 39, 36, 35, 32, 31, 30, 28, 23, 22, 18, 16, 15, 13, 9, 8, 7, 5 <-TAIL 

A: HEAD-> 57, 62, 64, 66, 67, 71, 87, 84, 95, 92, 98, 94, 88, 89, 85, 99, 93, 100, 91 <-TAIL 
B: HEAD-> 75, 81, 74, 73, 77, 72, 55, 54, 53, 52, 50, 49, 45, 40, 39, 36, 35, 32, 31, 30, 28, 23, 22, 18, 16, 15, 13, 9, 8, 7, 5 <-TAIL 

A: HEAD-> 57, 62, 64, 66, 67, 71, 87, 84, 95, 92, 98, 94, 88, 89, 85, 99, 93, 100, 91 <-TAIL 
B: HEAD-> 75, 81, 74, 73, 77, 72, 55, 54, 53, 52, 50, 49, 45, 40, 39, 36, 35, 32, 31, 30, 28, 23, 22, 18, 16, 15, 13, 9, 8, 7, 5 <-TAIL 

A: HEAD-> 75, 57, 62, 64, 66, 67, 71, 87, 84, 95, 92, 98, 94, 88, 89, 85, 99, 93, 100, 91 <-TAIL 
B: HEAD-> 81, 74, 73, 77, 72, 55, 54, 53, 52, 50, 49, 45, 40, 39, 36, 35, 32, 31, 30, 28, 23, 22, 18, 16, 15, 13, 9, 8, 7, 5 <-TAIL 

A: HEAD-> 81, 75, 57, 62, 64, 66, 67, 71, 87, 84, 95, 92, 98, 94, 88, 89, 85, 99, 93, 100, 91 <-TAIL 
B: HEAD-> 74, 73, 77, 72, 55, 54, 53, 52, 50, 49, 45, 40, 39, 36, 35, 32, 31, 30, 28, 23, 22, 18, 16, 15, 13, 9, 8, 7, 5 <-TAIL 

A: HEAD-> 74, 75, 81, 57, 62, 64, 66, 67, 71, 87, 84, 95, 92, 98, 94, 88, 89, 85, 99, 93, 100, 91 <-TAIL 
B: HEAD-> 77, 73, 72, 55, 54, 53, 52, 50, 49, 45, 40, 39, 36, 35, 32, 31, 30, 28, 23, 22, 18, 16, 15, 13, 9, 8, 7, 5 <-TAIL 

A: HEAD-> 74, 75, 81, 57, 62, 64, 66, 67, 71, 87, 84, 95, 92, 98, 94, 88, 89, 85, 99, 93, 100, 91 <-TAIL 
B: HEAD-> 73, 72, 55, 54, 53, 52, 50, 49, 45, 40, 39, 36, 35, 32, 31, 30, 28, 23, 22, 18, 16, 15, 13, 9, 8, 7, 5, 77 <-TAIL 

A: HEAD-> 81, 57, 62, 64, 66, 67, 71, 87, 84, 95, 92, 98, 94, 88, 89, 85, 99, 93, 100, 91 <-TAIL 
B: HEAD-> 77, 75, 74, 73, 72, 55, 54, 53, 52, 50, 49, 45, 40, 39, 36, 35, 32, 31, 30, 28, 23, 22, 18, 16, 15, 13, 9, 8, 7, 5 <-TAIL 

A: HEAD-> 57, 62, 64, 66, 67, 71, 87, 84, 95, 92, 98, 94, 88, 89, 85, 99, 93, 100, 91 <-TAIL 
B: HEAD-> 81, 77, 75, 74, 73, 72, 55, 54, 53, 52, 50, 49, 45, 40, 39, 36, 35, 32, 31, 30, 28, 23, 22, 18, 16, 15, 13, 9, 8, 7, 5 <-TAIL 

A: HEAD-> 57, 62, 64, 66, 67, 71, 87, 84, 95, 92, 98, 94, 88, 89, 85, 99, 93, 100, 91 <-TAIL 
B: HEAD-> 77, 75, 74, 73, 72, 55, 54, 53, 52, 50, 49, 45, 40, 39, 36, 35, 32, 31, 30, 28, 23, 22, 18, 16, 15, 13, 9, 8, 7, 5, 81 <-TAIL 

A: HEAD-> 57, 62, 64, 66, 67, 71, 87, 84, 95, 92, 98, 94, 88, 89, 85, 99, 93, 100, 91 <-TAIL 
B: HEAD-> 75, 74, 73, 72, 55, 54, 53, 52, 50, 49, 45, 40, 39, 36, 35, 32, 31, 30, 28, 23, 22, 18, 16, 15, 13, 9, 8, 7, 5, 81, 77 <-TAIL 

A: HEAD-> 57, 62, 64, 66, 67, 71, 87, 84, 95, 92, 98, 94, 88, 89, 85, 99, 93, 100, 91 <-TAIL 
B: HEAD-> 74, 73, 72, 55, 54, 53, 52, 50, 49, 45, 40, 39, 36, 35, 32, 31, 30, 28, 23, 22, 18, 16, 15, 13, 9, 8, 7, 5, 81, 77, 75 <-TAIL 

A: HEAD-> 57, 62, 64, 66, 67, 71, 87, 84, 95, 92, 98, 94, 88, 89, 85, 99, 93, 100, 91 <-TAIL 
B: HEAD-> 73, 72, 55, 54, 53, 52, 50, 49, 45, 40, 39, 36, 35, 32, 31, 30, 28, 23, 22, 18, 16, 15, 13, 9, 8, 7, 5, 81, 77, 75, 74 <-TAIL 

A: HEAD-> 57, 62, 64, 66, 67, 71, 87, 84, 95, 92, 98, 94, 88, 89, 85, 99, 93, 100, 91 <-TAIL 
B: HEAD-> 72, 55, 54, 53, 52, 50, 49, 45, 40, 39, 36, 35, 32, 31, 30, 28, 23, 22, 18, 16, 15, 13, 9, 8, 7, 5, 81, 77, 75, 74, 73 <-TAIL 

A: HEAD-> 57, 62, 64, 66, 67, 71, 87, 84, 95, 92, 98, 94, 88, 89, 85, 99, 93, 100, 91 <-TAIL 
B: HEAD-> 55, 54, 53, 52, 50, 49, 45, 40, 39, 36, 35, 32, 31, 30, 28, 23, 22, 18, 16, 15, 13, 9, 8, 7, 5, 81, 77, 75, 74, 73, 72 <-TAIL 

A: HEAD-> 87, 84, 95, 92, 98, 94, 88, 89, 85, 99, 93, 100, 91 <-TAIL 
B: HEAD-> 72, 71, 67, 66, 64, 62, 57, 55, 54, 53, 52, 50, 49, 45, 40, 39, 36, 35, 32, 31, 30, 28, 23, 22, 18, 16, 15, 13, 9, 8, 7, 5, 81, 77, 75, 74, 73 <-TAIL 

A: HEAD-> 87, 84, 95, 92, 98, 94, 88, 89, 85, 99, 93, 100, 91 <-TAIL 
B: HEAD-> 73, 72, 71, 67, 66, 64, 62, 57, 55, 54, 53, 52, 50, 49, 45, 40, 39, 36, 35, 32, 31, 30, 28, 23, 22, 18, 16, 15, 13, 9, 8, 7, 5, 81, 77, 75, 74 <-TAIL 

A: HEAD-> 87, 84, 95, 92, 98, 94, 88, 89, 85, 99, 93, 100, 91 <-TAIL 
B: HEAD-> 74, 73, 72, 71, 67, 66, 64, 62, 57, 55, 54, 53, 52, 50, 49, 45, 40, 39, 36, 35, 32, 31, 30, 28, 23, 22, 18, 16, 15, 13, 9, 8, 7, 5, 81, 77, 75 <-TAIL 

A: HEAD-> 87, 84, 95, 92, 98, 94, 88, 89, 85, 99, 93, 100, 91 <-TAIL 
B: HEAD-> 75, 74, 73, 72, 71, 67, 66, 64, 62, 57, 55, 54, 53, 52, 50, 49, 45, 40, 39, 36, 35, 32, 31, 30, 28, 23, 22, 18, 16, 15, 13, 9, 8, 7, 5, 81, 77 <-TAIL 

A: HEAD-> 87, 84, 95, 92, 98, 94, 88, 89, 85, 99, 93, 100, 91 <-TAIL 
B: HEAD-> 77, 75, 74, 73, 72, 71, 67, 66, 64, 62, 57, 55, 54, 53, 52, 50, 49, 45, 40, 39, 36, 35, 32, 31, 30, 28, 23, 22, 18, 16, 15, 13, 9, 8, 7, 5, 81 <-TAIL 

A: HEAD-> 87, 84, 95, 92, 98, 94, 88, 89, 85, 99, 93, 100, 91 <-TAIL 
B: HEAD-> 81, 77, 75, 74, 73, 72, 71, 67, 66, 64, 62, 57, 55, 54, 53, 52, 50, 49, 45, 40, 39, 36, 35, 32, 31, 30, 28, 23, 22, 18, 16, 15, 13, 9, 8, 7, 5 <-TAIL 

A: HEAD-> 87, 84, 95, 92, 98, 94, 88, 89, 85, 99, 93, 100, 91 <-TAIL 
B: HEAD-> 81, 77, 75, 74, 73, 72, 71, 67, 66, 64, 62, 57, 55, 54, 53, 52, 50, 49, 45, 40, 39, 36, 35, 32, 31, 30, 28, 23, 22, 18, 16, 15, 13, 9, 8, 7, 5 <-TAIL 

A: HEAD-> 84, 95, 92, 98, 94, 88, 89, 85, 99, 93, 100, 91 <-TAIL 
B: HEAD-> 87, 81, 77, 75, 74, 73, 72, 71, 67, 66, 64, 62, 57, 55, 54, 53, 52, 50, 49, 45, 40, 39, 36, 35, 32, 31, 30, 28, 23, 22, 18, 16, 15, 13, 9, 8, 7, 5 <-TAIL 

A: HEAD-> 95, 92, 98, 94, 88, 89, 85, 99, 93, 100, 91 <-TAIL 
B: HEAD-> 84, 87, 81, 77, 75, 74, 73, 72, 71, 67, 66, 64, 62, 57, 55, 54, 53, 52, 50, 49, 45, 40, 39, 36, 35, 32, 31, 30, 28, 23, 22, 18, 16, 15, 13, 9, 8, 7, 5 <-TAIL 

A: HEAD-> 92, 98, 94, 88, 89, 85, 99, 93, 100, 91, 95 <-TAIL 
B: HEAD-> 84, 87, 81, 77, 75, 74, 73, 72, 71, 67, 66, 64, 62, 57, 55, 54, 53, 52, 50, 49, 45, 40, 39, 36, 35, 32, 31, 30, 28, 23, 22, 18, 16, 15, 13, 9, 8, 7, 5 <-TAIL 

A: HEAD-> 98, 94, 88, 89, 85, 99, 93, 100, 91, 95, 92 <-TAIL 
B: HEAD-> 84, 87, 81, 77, 75, 74, 73, 72, 71, 67, 66, 64, 62, 57, 55, 54, 53, 52, 50, 49, 45, 40, 39, 36, 35, 32, 31, 30, 28, 23, 22, 18, 16, 15, 13, 9, 8, 7, 5 <-TAIL 

A: HEAD-> 94, 88, 89, 85, 99, 93, 100, 91, 95, 92, 98 <-TAIL 
B: HEAD-> 84, 87, 81, 77, 75, 74, 73, 72, 71, 67, 66, 64, 62, 57, 55, 54, 53, 52, 50, 49, 45, 40, 39, 36, 35, 32, 31, 30, 28, 23, 22, 18, 16, 15, 13, 9, 8, 7, 5 <-TAIL 

A: HEAD-> 88, 89, 85, 99, 93, 100, 91, 95, 92, 98, 94 <-TAIL 
B: HEAD-> 84, 87, 81, 77, 75, 74, 73, 72, 71, 67, 66, 64, 62, 57, 55, 54, 53, 52, 50, 49, 45, 40, 39, 36, 35, 32, 31, 30, 28, 23, 22, 18, 16, 15, 13, 9, 8, 7, 5 <-TAIL 

A: HEAD-> 89, 85, 99, 93, 100, 91, 95, 92, 98, 94 <-TAIL 
B: HEAD-> 88, 84, 87, 81, 77, 75, 74, 73, 72, 71, 67, 66, 64, 62, 57, 55, 54, 53, 52, 50, 49, 45, 40, 39, 36, 35, 32, 31, 30, 28, 23, 22, 18, 16, 15, 13, 9, 8, 7, 5 <-TAIL 

A: HEAD-> 85, 99, 93, 100, 91, 95, 92, 98, 94 <-TAIL 
B: HEAD-> 89, 88, 84, 87, 81, 77, 75, 74, 73, 72, 71, 67, 66, 64, 62, 57, 55, 54, 53, 52, 50, 49, 45, 40, 39, 36, 35, 32, 31, 30, 28, 23, 22, 18, 16, 15, 13, 9, 8, 7, 5 <-TAIL 

A: HEAD-> 99, 93, 100, 91, 95, 92, 98, 94 <-TAIL 
B: HEAD-> 85, 89, 88, 84, 87, 81, 77, 75, 74, 73, 72, 71, 67, 66, 64, 62, 57, 55, 54, 53, 52, 50, 49, 45, 40, 39, 36, 35, 32, 31, 30, 28, 23, 22, 18, 16, 15, 13, 9, 8, 7, 5 <-TAIL 

A: HEAD-> 93, 100, 91, 95, 92, 98, 94, 99 <-TAIL 
B: HEAD-> 85, 89, 88, 84, 87, 81, 77, 75, 74, 73, 72, 71, 67, 66, 64, 62, 57, 55, 54, 53, 52, 50, 49, 45, 40, 39, 36, 35, 32, 31, 30, 28, 23, 22, 18, 16, 15, 13, 9, 8, 7, 5 <-TAIL 

A: HEAD-> 100, 91, 95, 92, 98, 94, 99, 93 <-TAIL 
B: HEAD-> 85, 89, 88, 84, 87, 81, 77, 75, 74, 73, 72, 71, 67, 66, 64, 62, 57, 55, 54, 53, 52, 50, 49, 45, 40, 39, 36, 35, 32, 31, 30, 28, 23, 22, 18, 16, 15, 13, 9, 8, 7, 5 <-TAIL 

A: HEAD-> 91, 95, 92, 98, 94, 99, 93, 100 <-TAIL 
B: HEAD-> 85, 89, 88, 84, 87, 81, 77, 75, 74, 73, 72, 71, 67, 66, 64, 62, 57, 55, 54, 53, 52, 50, 49, 45, 40, 39, 36, 35, 32, 31, 30, 28, 23, 22, 18, 16, 15, 13, 9, 8, 7, 5 <-TAIL 

A: HEAD-> 95, 92, 98, 94, 99, 93, 100 <-TAIL 
B: HEAD-> 91, 85, 89, 88, 84, 87, 81, 77, 75, 74, 73, 72, 71, 67, 66, 64, 62, 57, 55, 54, 53, 52, 50, 49, 45, 40, 39, 36, 35, 32, 31, 30, 28, 23, 22, 18, 16, 15, 13, 9, 8, 7, 5 <-TAIL 

A: HEAD-> 95, 92, 98, 94, 99, 93, 100 <-TAIL 
B: HEAD-> 91, 85, 89, 88, 84, 87, 81, 77, 75, 74, 73, 72, 71, 67, 66, 64, 62, 57, 55, 54, 53, 52, 50, 49, 45, 40, 39, 36, 35, 32, 31, 30, 28, 23, 22, 18, 16, 15, 13, 9, 8, 7, 5 <-TAIL 

A: HEAD-> 91, 95, 92, 98, 94, 99, 93, 100 <-TAIL 
B: HEAD-> 85, 89, 88, 84, 87, 81, 77, 75, 74, 73, 72, 71, 67, 66, 64, 62, 57, 55, 54, 53, 52, 50, 49, 45, 40, 39, 36, 35, 32, 31, 30, 28, 23, 22, 18, 16, 15, 13, 9, 8, 7, 5 <-TAIL 

A: HEAD-> 85, 91, 95, 92, 98, 94, 99, 93, 100 <-TAIL 
B: HEAD-> 89, 88, 84, 87, 81, 77, 75, 74, 73, 72, 71, 67, 66, 64, 62, 57, 55, 54, 53, 52, 50, 49, 45, 40, 39, 36, 35, 32, 31, 30, 28, 23, 22, 18, 16, 15, 13, 9, 8, 7, 5 <-TAIL 

A: HEAD-> 85, 89, 91, 95, 92, 98, 94, 99, 93, 100 <-TAIL 
B: HEAD-> 88, 87, 84, 81, 77, 75, 74, 73, 72, 71, 67, 66, 64, 62, 57, 55, 54, 53, 52, 50, 49, 45, 40, 39, 36, 35, 32, 31, 30, 28, 23, 22, 18, 16, 15, 13, 9, 8, 7, 5 <-TAIL 

A: HEAD-> 85, 89, 91, 95, 92, 98, 94, 99, 93, 100 <-TAIL 
B: HEAD-> 87, 84, 81, 77, 75, 74, 73, 72, 71, 67, 66, 64, 62, 57, 55, 54, 53, 52, 50, 49, 45, 40, 39, 36, 35, 32, 31, 30, 28, 23, 22, 18, 16, 15, 13, 9, 8, 7, 5, 88 <-TAIL 

A: HEAD-> 85, 89, 91, 95, 92, 98, 94, 99, 93, 100 <-TAIL 
B: HEAD-> 84, 81, 77, 75, 74, 73, 72, 71, 67, 66, 64, 62, 57, 55, 54, 53, 52, 50, 49, 45, 40, 39, 36, 35, 32, 31, 30, 28, 23, 22, 18, 16, 15, 13, 9, 8, 7, 5, 88, 87 <-TAIL 

A: HEAD-> 89, 91, 95, 92, 98, 94, 99, 93, 100 <-TAIL 
B: HEAD-> 87, 85, 84, 81, 77, 75, 74, 73, 72, 71, 67, 66, 64, 62, 57, 55, 54, 53, 52, 50, 49, 45, 40, 39, 36, 35, 32, 31, 30, 28, 23, 22, 18, 16, 15, 13, 9, 8, 7, 5, 88 <-TAIL 

A: HEAD-> 89, 91, 95, 92, 98, 94, 99, 93, 100 <-TAIL 
B: HEAD-> 88, 87, 85, 84, 81, 77, 75, 74, 73, 72, 71, 67, 66, 64, 62, 57, 55, 54, 53, 52, 50, 49, 45, 40, 39, 36, 35, 32, 31, 30, 28, 23, 22, 18, 16, 15, 13, 9, 8, 7, 5 <-TAIL 

A: HEAD-> 95, 92, 98, 94, 99, 93, 100 <-TAIL 
B: HEAD-> 91, 89, 88, 87, 85, 84, 81, 77, 75, 74, 73, 72, 71, 67, 66, 64, 62, 57, 55, 54, 53, 52, 50, 49, 45, 40, 39, 36, 35, 32, 31, 30, 28, 23, 22, 18, 16, 15, 13, 9, 8, 7, 5 <-TAIL 

A: HEAD-> 92, 98, 94, 99, 93, 100 <-TAIL 
B: HEAD-> 95, 91, 89, 88, 87, 85, 84, 81, 77, 75, 74, 73, 72, 71, 67, 66, 64, 62, 57, 55, 54, 53, 52, 50, 49, 45, 40, 39, 36, 35, 32, 31, 30, 28, 23, 22, 18, 16, 15, 13, 9, 8, 7, 5 <-TAIL 

A: HEAD-> 98, 94, 99, 93, 100 <-TAIL 
B: HEAD-> 92, 95, 91, 89, 88, 87, 85, 84, 81, 77, 75, 74, 73, 72, 71, 67, 66, 64, 62, 57, 55, 54, 53, 52, 50, 49, 45, 40, 39, 36, 35, 32, 31, 30, 28, 23, 22, 18, 16, 15, 13, 9, 8, 7, 5 <-TAIL 

A: HEAD-> 94, 99, 93, 100 <-TAIL 
B: HEAD-> 98, 95, 92, 91, 89, 88, 87, 85, 84, 81, 77, 75, 74, 73, 72, 71, 67, 66, 64, 62, 57, 55, 54, 53, 52, 50, 49, 45, 40, 39, 36, 35, 32, 31, 30, 28, 23, 22, 18, 16, 15, 13, 9, 8, 7, 5 <-TAIL 

A: HEAD-> 99, 93, 100 <-TAIL 
B: HEAD-> 94, 98, 95, 92, 91, 89, 88, 87, 85, 84, 81, 77, 75, 74, 73, 72, 71, 67, 66, 64, 62, 57, 55, 54, 53, 52, 50, 49, 45, 40, 39, 36, 35, 32, 31, 30, 28, 23, 22, 18, 16, 15, 13, 9, 8, 7, 5 <-TAIL 

A: HEAD-> 93, 100 <-TAIL 
B: HEAD-> 99, 94, 98, 95, 92, 91, 89, 88, 87, 85, 84, 81, 77, 75, 74, 73, 72, 71, 67, 66, 64, 62, 57, 55, 54, 53, 52, 50, 49, 45, 40, 39, 36, 35, 32, 31, 30, 28, 23, 22, 18, 16, 15, 13, 9, 8, 7, 5 <-TAIL 

A: HEAD-> 100, 93 <-TAIL 
B: HEAD-> 99, 94, 98, 95, 92, 91, 89, 88, 87, 85, 84, 81, 77, 75, 74, 73, 72, 71, 67, 66, 64, 62, 57, 55, 54, 53, 52, 50, 49, 45, 40, 39, 36, 35, 32, 31, 30, 28, 23, 22, 18, 16, 15, 13, 9, 8, 7, 5 <-TAIL 

A: HEAD-> 93, 94, 99, 100 <-TAIL 
B: HEAD-> 98, 95, 92, 91, 89, 88, 87, 85, 84, 81, 77, 75, 74, 73, 72, 71, 67, 66, 64, 62, 57, 55, 54, 53, 52, 50, 49, 45, 40, 39, 36, 35, 32, 31, 30, 28, 23, 22, 18, 16, 15, 13, 9, 8, 7, 5 <-TAIL 

A: HEAD-> 93, 94, 99, 100 <-TAIL 
B: HEAD-> 98, 95, 92, 91, 89, 88, 87, 85, 84, 81, 77, 75, 74, 73, 72, 71, 67, 66, 64, 62, 57, 55, 54, 53, 52, 50, 49, 45, 40, 39, 36, 35, 32, 31, 30, 28, 23, 22, 18, 16, 15, 13, 9, 8, 7, 5 <-TAIL 

A: HEAD-> 94, 99, 100, 93 <-TAIL 
B: HEAD-> 98, 95, 92, 91, 89, 88, 87, 85, 84, 81, 77, 75, 74, 73, 72, 71, 67, 66, 64, 62, 57, 55, 54, 53, 52, 50, 49, 45, 40, 39, 36, 35, 32, 31, 30, 28, 23, 22, 18, 16, 15, 13, 9, 8, 7, 5 <-TAIL 

A: HEAD-> 99, 100, 93, 94 <-TAIL 
B: HEAD-> 98, 95, 92, 91, 89, 88, 87, 85, 84, 81, 77, 75, 74, 73, 72, 71, 67, 66, 64, 62, 57, 55, 54, 53, 52, 50, 49, 45, 40, 39, 36, 35, 32, 31, 30, 28, 23, 22, 18, 16, 15, 13, 9, 8, 7, 5 <-TAIL 

A: HEAD-> 94, 95, 98, 99, 100, 93 <-TAIL 
B: HEAD-> 92, 91, 89, 88, 87, 85, 84, 81, 77, 75, 74, 73, 72, 71, 67, 66, 64, 62, 57, 55, 54, 53, 52, 50, 49, 45, 40, 39, 36, 35, 32, 31, 30, 28, 23, 22, 18, 16, 15, 13, 9, 8, 7, 5 <-TAIL 

A: HEAD-> 93, 94, 95, 98, 99, 100 <-TAIL 
B: HEAD-> 92, 91, 89, 88, 87, 85, 84, 81, 77, 75, 74, 73, 72, 71, 67, 66, 64, 62, 57, 55, 54, 53, 52, 50, 49, 45, 40, 39, 36, 35, 32, 31, 30, 28, 23, 22, 18, 16, 15, 13, 9, 8, 7, 5 <-TAIL 

A: HEAD-> 92, 93, 94, 95, 98, 99, 100 <-TAIL 
B: HEAD-> 91, 89, 88, 87, 85, 84, 81, 77, 75, 74, 73, 72, 71, 67, 66, 64, 62, 57, 55, 54, 53, 52, 50, 49, 45, 40, 39, 36, 35, 32, 31, 30, 28, 23, 22, 18, 16, 15, 13, 9, 8, 7, 5 <-TAIL 

A: HEAD-> 84, 85, 87, 88, 89, 91, 92, 93, 94, 95, 98, 99, 100 <-TAIL 
B: HEAD-> 81, 77, 75, 74, 73, 72, 71, 67, 66, 64, 62, 57, 55, 54, 53, 52, 50, 49, 45, 40, 39, 36, 35, 32, 31, 30, 28, 23, 22, 18, 16, 15, 13, 9, 8, 7, 5 <-TAIL 

A: HEAD-> 57, 62, 64, 66, 67, 71, 72, 73, 74, 75, 77, 81, 84, 85, 87, 88, 89, 91, 92, 93, 94, 95, 98, 99, 100 <-TAIL 
B: HEAD-> 55, 54, 53, 52, 50, 49, 45, 40, 39, 36, 35, 32, 31, 30, 28, 23, 22, 18, 16, 15, 13, 9, 8, 7, 5 <-TAIL 

stack is sorted: yes
HEAD-> 5, 7, 8, 9, 13, 15, 16, 18, 22, 23, 28, 30, 31, 32, 35, 36, 39, 40, 45, 49, 50, 52, 53, 54, 55, 57, 62, 64, 66, 67, 71, 72, 73, 74, 75, 77, 81, 84, 85, 87, 88, 89, 91, 92, 93, 94, 95, 98, 99, 100 <-TAIL 
stack is sorted: yes

pb
ra
ra
ra
pb
pb
ra
pb
ra
pb
ra
ra
ra
ra
pb
pb
ra
pb
pb
ra
ra
ra
pb
pb
pb
pb
ra
pb
ra
ra
ra
pb
pb
ra
pb
ra
pb
ra
pb
pb
pb
ra
pb
pb
pb
ra
ra
ra
pb
rra
rra
rra
rra
rra
rra
rra
rra
rra
rra
rra
rra
rra
rra
rra
rra
rra
rra
rra
rra
rra
rra
rra
rra
pa
pa
rb
pa
pa
rb
rb
rb
rb
pa
rb
rb
rb
rb
pa
rb
pa
rb
rb
pa
rb
pa
pa
pa
pa
pb
ra
pb
pb
ra
ra
pb
ra
pb
ra
pb
rra
rra
rra
rra
rra
pa
pa
pa
sa
ra
sa
rra
sa
rb
sb
rrb
sb
rb
rb
rb
pb
rrb
pb
pb
rrb
rrb
pb
pb
pb
sb
rb
sb
rrb
ra
sa
rra
sa
ra
ra
pa
rra
pa
pa
rra
pa
pa
pa
pa
pa
pa
rb
rb
pa
pa
pa
pa
pa
rb
pa
rrb
rrb
rrb
pb
pb
pb
ra
ra
ra
pa
rra
pa
rra
pa
rra
pa
pa
pa
ra
sa
rra
pa
pa
sb
rb
pb
rrb
pb
rb
rb
rb
pb
rrb
rrb
pb
rrb
pb
rb
rb
rb
rb
rb
rb
rb
pb
pb
pb
pb
pb
pb
rrb
rrb
rrb
rrb
rrb
rrb
rrb
rb
rb
rb
rb
rb
rb
rb
rb
rb
rb
rb
rb
rb
pb
pb
pb
pb
pb
pb
pb
pb
pb
pb
pb
pb
rrb
rrb
rrb
rrb
rrb
rrb
rrb
rrb
rrb
rrb
rrb
rrb
rrb
ra
ra
pb
ra
pb
pb
pb
pb
ra
pb
ra
ra
ra
ra
pb
pb
ra
pb
pb
ra
ra
ra
pb
pb
rra
rra
rra
rra
rra
rra
rra
rra
rra
rra
rra
rra
pa
pa
rb
rb
pa
rb
pa
rb
rb
pa
pa
rrb
rrb
rrb
rrb
rrb
pb
pb
pb
sa
ra
sa
rra
ra
ra
pa
rra
pa
pa
rra
pa
pa
pa
ra
sa
rra
sb
rb
pb
pb
rrb
pb
rb
rb
rb
rb
rb
rb
pb
pb
pb
pb
pb
pb
rrb
rrb
rrb
rrb
rrb
rrb
pb
pb
ra
ra
ra
ra
pb
pb
pb
ra
ra
ra
pb
pa
pa
pa
sa
rb
sb
rrb
rb
rb
pb
rrb
rrb
pb
pb
pb
pb
pb
rb
sb
rrb
pb
pb
ra
pa
pa
rra
ra
ra
pa
pa
rra
rra
pa
pa
pa
pa
pa
pa
pa
pa
pa
pa
pa
pa
pa
pa
pa
pa
pa
pa
pa
pa
pa
pa
pa
pa
pa
pa
pa
pa
pa
pa
pa
pa
pa
pa
pa
pa
pa
pa
pa
pa
pa
pa
pa
pa
Count of ops: 448